783.449781737
200.14306299
210.261289265
328.154884689
212.737479118
199.575346705
83.485514683
17.7076812662
165.048342587
74.7045510319
185.350144703
274.810245206
214.905845643
162.11728999
399.710373489
266.918588664
303.038768717
459.906483066
158.667562805
182.804059877
178.043364724
191.428525237
178.606198126
264.087237439
266.068368742
200.526562381
329.53582907
122.864590869
176.024744826
293.043326732
282.064793356
310.428046772
215.227790174
246.343893445
83.845044339
309.230536972
326.779111435
243.060989129
137.126452679
212.674061222
199.21598159
339.070861352
300.089258296
325.324695638
290.962733769
210.668010698
265.141865203
178.053698649
235.127501312
222.886895006
322.40101446
521.918376053
6486.52713092
159.224404122
93.788692446
122.522170534
132.630344474
216.695443256
193.834607656
177.945734185
266.43493172
236.189943995
138.456848465
189.561834345
239.568053346
198.307191029
284.34917622
314.612156865
325.549974188
246.906926645
129.198892793
176.269718764
203.337983309
297.629198584
318.605408634
347.247138283
286.240866636
303.838590126
208.075076157
211.490190793
218.317433622
192.278571376
364.617776035
271.868082774
217.448394698
301.365334393
269.224340985
772.422495675
402.118616127
392.692847576
324.255782116
223.730163126
447.940106254
520.357016253
461.785855914
529.594504301
415.014274572
650.714174191
376.20840868
637.993017887
532.489310174
822.135987532
1082.87619529
1825.46428109
4644.51664765
51406.7435253
4132.26962006
1895.06997898
1016.98331074
764.484439958
602.751536147
493.162334013
346.990904009
565.996515972
365.756902064
289.349319468
343.261578835
406.401290534
394.66459067
173.592621642
414.889389645
359.45853951
308.83255583
312.253351841
206.159775262
307.905518767
175.788907244
343.878147772
144.260066676
183.148260426
141.301869723
202.065270371
245.504951808
129.520388861
209.145793789
291.606669647
165.906607371
245.402381517
299.061215083
309.032811259
700.30189773
107.014652116
126.800954996
208.268531236
197.236924042
207.61573087
226.969041577
259.047250051
229.923624653
165.731014336
170.204574813
174.506339293
187.538746796
141.540578866
250.501932508
93.3067715728
238.348713699
155.261497287
145.106640593
224.040739349
162.412088535
68.4412535102
126.737263018
188.77132908
216.731883333
112.1015706
214.264446773
88.6801800299
70.4655289938
112.153474301
202.617974018
190.712903185
133.774637395
167.418656979
118.89270704
220.1942813
170.172267936
99.7432176996
62.1888460145
120.460315901
113.822870379
117.630211131
242.735969091
169.460579181
113.432848811
187.179104934
247.140010391
99.5737881414
235.442227806
281.23984453
187.469377197
227.846319496
262.172449958
580.872107064
137.613996014
83.1726257665
87.7657199814
168.074448964

890.0

1037
1037
1037
1037
1037
1024
1011
979
979
960
954
954
947
947
986
986
1011
1011
1030
1037
1037
1056
1043
1037
1024
1011
992
966
954
947
947
928
941
954
966
998
998
1024
1024
1037
1043
1043
1037
1037
1011
998
986
966
966
954
954
947
960
986
998
1005
1030
1030
1043
1043
1056
1037
1037
1011
1011
979
973
954
941
941
935
947
960
973
986
1011
1024
1030
1037
1043
1049
1037
1037
1011
986
986
960
960
947
954
954
966
992
992
1017
1024
1043
1043
1049
1049
1037
1024
1024
992
979
960
941
947
941
935
960
954
986
992
1011
1024
1037
1037
1049
1043
1030
1024
1011
986
973
966
960
935
954
960
973
992
998
1024
1024
1037
1043
1049
1037
1037
1024
1011
998
960
966
947
941
928
947
954
973
986
1005
1017
1037
1030
1043
1024
1043
1030
1024
992
992
973
947
960
960
947
960
986
998
1011
1024
1011
1056
1043
1049
1030
1037
1017
1011
979
966
947
947
935
947
935
960
973
986
1011
1030
1030
1037
1043
1043
1037
1030
1017
986
979
966
954
947
941
973
960
986
998
1011
1037
1037
1049
1043
1037
1043
1024
1017
1005
973
960
960
928
941
941
954
960
986
992
1017
1017
1043
1037
1049
1037
1024
1024
1011
986
973
960
960
947
941
966
973
986
1011
1011
1030
1037
1049
1037
1049
1030
1024
1011
998
973
941
947
941
941
941
947
973
992
1005
1011
1043
1030
1037
1037
1043
1037
1017
998
986
973
960
947
960
947
960
979
1005
998
1030
1030
1049
1043
1043
1043
1030
1017
1005
986
960
960
941
941
935
941
966
973
992
1005
1024
1037
1037
1049
1037
1037
1024
1011
998
986
973
947
947
947
960
966
979
1005
1011
1030
1037
1049
1049
1037
1049
1011
1030
1005
979
954
954
941
935
941
954
960
979
992
1011
1024
1037
1030
1056
1037
1037
1024
1017
992
973
973
947
960
947
960
973
986
1005
1005
1037
1037
1043
1049
1043
1037
1030
1017
986
973
960
947
947
935
947
941
973
979
1011
1011
1037
1037
1037
1043
1043
1024
1011
1005
992
973
960
947
954
954
960
979
998
1005
1024
1037
1037
1049
1049
1037
1037
1017
1011
979
973
941
954
935
935
947
960
973
998
998
1024
1037
1030
1049
1043
1030
1043
1005
992
986
973
947
954
947
954
966
979
998
1017
1024
1043
1037
1049
1037
1049
1030
1017
998
986
960
941
947
941
947
941
966
973
986
1024
1024
1030
1037
1043
1043
1030
1030
1011
992
986
973
954
941
960
947
979
979
1011
1011
1037
1037
1049
1049
1043
1037
1024
1017
998
973
960
941
954
928
941
960
973
986
1011
1017
1030
1037
1043
1043
1037
1037
1024
998
998
960
966
954
947
954
966
986
998
1011
1024
1030
1043
1043
1056
1037
1037
1024
1011
979
966
947
947
941
941
947
954
979
992
1005
1024
1024
1049
1030
1043
1037
1037
1011
986
986
973
954
954
947
947
966
979
998
1017
1024
1043
1037
1049
1043
1043
1024
1024
992
979
960
954
941
941
928
960
960
986
986
1017
1017
1037
1037
1049
1037
1037
1024
1011
992
979
960
966
941
960
947
973
992
1005
1017
1030
1037
1037
1049
1049
1030
1030
1011
998
960
960
947
935
947
947
947
973
992
998
1017
1037
1037
1037
1030
1043
1030
1030
998
986
966
973
954
954
954
960
973
998
998
1037
1024
1049
1037
1056
1043
1030
1024
1005
986
954
966
947
941
928
947
960
960
1011
998
1024
1024
1037
1049
1043
1043
1030
1011
992
986
973
947
954
947
960
954
992
992
1024
1024
1037
1037
1049
1056
1043
1024
1024
992
992
947
960
935
947
941
954
966
979
998
1011
1024
1024
1043
1043
1043
1043
1024
1011
986
973
973
960
947
947
960
973
986
1011
1017
1030
1037
1049
1037
1056
1037
1030
1011
992
966
960
947
947
935
941
954
973
986
1011
1011
1037
1024
1043
1043
1037
1037
1017
1005
986
973
973
954
954
947
960
973
1011
998
1030
1030
1043
1043
1049
1043
1037
1017
1011
986
973
947
947
935
947
935
960
973
998
998
1030
1030
1037
1043
1043
1037
1030
1017
998
973
973
947
960
947
954
960
979
998
1017
1024
1043
1037
1056
1043
1049
1030
1024
992
986
960
960
947
935
941
954
960
973
998
1011
1024
1037
1030
1049
1043
1043
1017
1024
992
986
966
960
947
947
960
966
979
1011
1005
1043
1024
1049
1043
1043
1043
1024
1017
998
979
954
947
947
935
941
954
973
986
998
1005
1043
1037
1037
1037
1043
1030
1024
1005
992
966
966
954
960
941
973
966
998
1005
1024
1037
1037
1049
1049
1043
1037
1017
1011
979
979
947
947
947
935
947
947
973
992
1005
1024
1037
1037
1037
1049
1037
1037
1011
998
973
973
960
954
941
960
960
986
998
1011
1024
1037
1037
1056
1049
1043
1024
1024
998
979
966
947
947
941
941
947
960
986
992
1017
1011
1043
1030
1043
1043
1049
1024
1011
998
973
966
960
947
954
954
979
973
1011
1011
1037
1037
1049
1049
1049
1049
1024
1011
1011
960
960
947
947
935
941
954
973
986
998
1017
1030
1037
1037
1037
1043
1030
1024
998
986
986
960
960
947
947
947
992
992
1011
1024
1024
1049
1049
1049
1037
1037
1011
1017
992
973
947
947
947
935
941
954
986
992
1005
1024
1024
1049
1037
1049
1037
1037
1011
1011
986
960
960
947
954
954
960
998
986
1024
1017
1043
1049
1049
1049
1037
1037
1024
998
986
960
954
941
947
935
960
960
986
986
1017
1017
1043
1043
1049
1037
1037
1030
1017
998
979
966
960
947
960
960
973
992
1005
1024
1037
1037
1049
1049
1049
1037
1017
1011
1005
973
954
941
954
941
941
954
986
986
1011
1024
1037
1037
1049
1017
1056
1030
1017
998
998
973
960
954
947
954
960
998
992
1017
1030
1030
1049
1049
1049
1037
1037
1011
1011
979
966
947
947
941
941
947
966
979
998
998
1030
1024
1056
1049
1030
1043
1024
1017
992
979
966
960
947
947
960
960
998
992
1017
1030
1037
1056
1049
1049
1037
1024
1017
998
979
947
960
922
947
935
960
966
979
992
1024
1024
1030
1037
1049
1037
1037
1011
1005
998
979
960
960
941
935
966
979
992
998
1017
1024
1043
1056
1037
1056
1024
1037
1056
1024
1030
941
947
941
941
954
979
998
1005
1024
1030
1043
1043
1037
1037
1037
1011
992
973
979
947
947
947
960
960
986
998
1024
1024
1037
1037
1049
1049
1043
1030
1011
992
979
960
947
935
941
941
960
960
986
986
1017
1017
1037
1037
1049
1037
1037
1024
1005
986
979
960
960
947
947
960
973
986
1011
1024
1024
1043
1043
1049
1037
1037
1024
1005
998
966
954
941
947
935
947
954
966
992
1005
1024
1037
1024
1049
1030
1043
1030
1017
998
992
973
966
947
954
954
960
973
998
1011
1017
1030
1056
1043
1043
1037
1043
1011
1011
979
966
954
947
941
947
935
960
973
1005
992
1030
1030
1037
1049
1043
1043
1024
1017
992
986
960
960
947
941
966
960
986
998
1017
1024
1043
1049
1049
1049
1043
1030
1011
1011
973
960
947
935
947
947
947
960
973
998
1017
1030
1030
1030
1049
1043
1030
1024
1017
986
979
960
960
947
947
960
973
986
998
1024
1024
1037
1049
1037
1049
1037
1030
1005
998
973
954
954
941
941
935
960
973
986
998
1005
1037
1030
1043
1037
1043
1030
1017
1011
986
966
966
960
947
947
973
973
998
1005
1030
1030
1043
1049
1049
1049
1024
1017
1011
979
973
954
947
941
947
935
960
973
998
1005
1024
1043
1037
1049
1037
1037
1037
1011
998
979
979
947
947
947
960
966
979
998
1017
1030
1037
1043
1049
1043
1037
1024
1024
998
973
960
960
935
947
947
947
973
986
998
1011
1024
1037
1037
1049
1030
1043
1017
1005
992
973
960
954
954
941
960
973
986
1011
1011
1037
1037
1049
1049
1043
1030
1024
1011
992
973
947
941
947
935
947
947
979
979
998
1017
1037
1043
1037
1037
1037
1043
1017
998
992
966
966
947
960
947
966
986
998
1011
1024
1037
1049
1043
1043
1037
1037
1024
998
986
973
947
941
941
947
941
954
986
992
1017
1024
1030
1043
1043
1037
1037
1043
998
998
979
966
954
947
954
960
960
986
998
1024
1017
1043
1037
1062
1037
1043
1030
1011
998
973
960
954
941
941
941
960
960
986
986
1024
1017
1043
1037
1049
1037
1037
1024
1011
986
973
960
966
941
954
954
986
973
1011
1024
1030
1043
1037
1049
1049
1037
1017
1011
992
973
947
935
960
928
941
960
973
979
1011
1030
1024
1037
1037
1030
1049
1030
1024
992
979
973
960
947
960
954
966
973
998
1011
1037
1024
1049
1043
1037
1043
1043
1017
998
979
973
954
941
941
947
941
954
986
998
998
1037
1017
1049
1043
1037
1037
1037
1011
986
986
960
960
947
941
966
973
986
992
1017
1024
1049
1043
1056
1037
1043
1024
1011
1005
973
960
947
935
947
935
960
960
986
986
1024
1024
1037
1043
1043
1037
1037
1011
1011
986
979
954
960
947
947
954
979
998
1011
1011
1037
1037
1049
1037
1049
1037
1030
1005
998
960
954
935
954
935
941
954
973
998
1011
1017
1030
1037
1037
1037
1043
1024
1011
992
992
966
960
947
960
947
960
986
998
1011
1037
1024
1049
1037
1049
1037
1030
1017
992
979
966
954
941
941
935
941
966
966
1005
998
1037
1024
1043
1043
1037
1037
1024
1011
986
986
966
954
947
941
960
966
986
998
1024
1024
1037
1043
1049
1043
1043
1024
1017
998
973
954
954
935
947
935
960
960
979
992
1017
1030
1024
1043
1043
1043
1037
1017
1011
986
986
960
960
941
954
960
973
998
992
1030
1024
1030
1056
1037
1049
1030
1030
998
998
966
960
954
935
941
941
960
973
986
1005
1017
1037
1024
1049
1037
1037
1037
1017
998
986
973
954
960
947
954
960
979
1005
1011
1024
1030
1049
1037
1049
1037
1037
1024
992
992
966
935
954
947
935
935
966
966
998
1011
1024
1024
1037
1049
1043
1037
1030
1005
992
973
973
947
947
947
960
966
979
1005
1017
1024
1030
1043
1049
1043
1043
1024
1011
998
973
960
954
941
935
947
947
966
979
998
1011
1017
1037
1030
1049
1037
1037
1024
1005
992
973
966
954
954
941
960
973
986
1011
1011
1037
1030
1049
1037
1056
1037
1024
1017
992
973
947
947
947
935
941
941
986
979
1005
1024
1024
1037
1037
1043
1043
1037
1011
998
986
973
960
954
954
947
973
973
998
1017
1017
1037
1043
1043
1049
1037
1037
1011
1011
973
966
954
947
935
947
935
966
979
998
1005
1017
1037
1049
1037
1049
1030
1037
1005
998
973
973
960
935
960
954
966
979
1005
1024
1030
1043
1037
1049
1049
1043
1017
1017
998
979
960
947
935
935
941
954
966
979
998
1011
1024

