697.795529584
184.322174808
15.0877213281
102.276108563
172.397132425
99.8502206683
289.3245914
277.085481718
305.789053236
240.407820737
66.2967854035
273.921466281
131.458803701
176.948350911
263.008222501
260.428870394
174.920896798
90.1969289819
173.245429707
206.377238571
193.237677451
55.5584441753
61.1904594302
117.562711023
264.194579351
155.064412859
134.213411547
34.6544024772
87.9462936054
94.4966239882
16.4774892953
217.175294854
120.381272341
180.669506329
115.906957556
31.2062829261
165.862898387
113.126605354
211.308928712
135.563081213
101.731437981
66.9317620366
171.714870909
170.568043197
139.335091813
139.188359741
92.5603249998
146.879215857
160.122333543
135.335656076
155.894498188
56.9843727785
201.564478598
98.9602129384
86.7123272149
142.849887587
91.3803968368
176.027502218
157.497774847
18.4748598276
107.996433252
147.39837562
208.62015707
315.831044491
132.503441317
140.713082199
126.149942208
128.650759185
165.507287117
186.387011431
69.3324513469
144.661052269
113.186895329
147.548843137
95.0176818616
39.43672088
148.028627386
112.891090414
384.381998713
229.190275677
180.203521185
121.705918748
129.258570291
31.6999160234
132.56892389
445.460556655
239.309810591
56.2897073761
331.43500641
163.694626611
262.958779531
829.203941338
697.48555376
1002.59878363
320.44769852
75078.0668039
166.035863743
1048.22749383
570.822968913
824.296995955
378.931148731
245.406403897
455.648726435
193.766507964
395.058742686
294.097059699
221.134808363
81.8862011495
106.586992647
325.381111234
75.5208163002
184.374830428
281.525389641
56.3250825334
63.8856225235
250.530822895
89.4471984176
167.469989217
79.3249466323
121.047293121
131.49348481
166.560795636
150.238219099
123.419318315
168.216402998
164.06387591
119.219195884
239.370087056
66.4414525782
154.897661704
103.210514482
138.776782623
75.7726561207
73.6957195016
172.422660944
186.726093371
54.1527658274
161.866294203
81.1254454982
141.780498022
159.02562298
224.259670675
86.4801475214
220.934100425
163.719822298
242.814257436
163.150537309
63.1100459425
181.889148639
131.194090797
151.397337931
122.595878568
176.251476586
190.631396865
177.211767396
121.774999664
98.271492042
72.0161096189
134.077885727
384.475558836
159.255804765
76.388468031
122.200476349
182.049482221
116.565802294
131.286649878
168.983347184
167.776562803
97.2343009325
216.165469367
131.019765808
49.5664504247
83.9375270362
110.603672543
157.421796979
153.819978353
96.0012066232
104.040656911
66.5680083776
160.757138737
208.564302558
50.7442651336
67.8900108469
63.4624959475
187.844813601
112.667880188
154.031641655
169.92928516
32.5482132691
172.685239242
109.46954698
802.865250843
90.7754744191
213.150069584
125.220912652
115.563157633
142.402496365
129.081644777

884.0

979
960
947
928
928
922
922
947
947
986
998
1024
1037
1049
1075
1062
1075
1056
1056
1037
998
986
960
954
941
935
903
928
947
947
973
998
1011
1037
1062
1062
1062
1068
1068
1049
1030
1017
998
954
960
947
935
916
922
935
947
960
998
1011
1024
1049
1062
1062
1075
1062
1062
1030
1030
986
973
954
954
935
922
922
935
947
954
979
1011
1024
1043
1056
1075
1062
1062
1062
1049
1024
1011
979
966
941
941
935
922
916
941
954
979
998
1024
1037
1049
1062
1056
1075
1062
1056
1024
1011
998
960
960
941
941
909
928
928
954
966
986
1011
1030
1049
1062
1068
1075
1062
1062
1024
1030
992
973
954
954
922
928
928
922
947
960
986
1005
1017
1049
1049
1075
1056
1075
1056
1056
1030
1005
979
966
941
935
935
922
922
947
941
979
992
1017
1037
1049
1062
1068
1081
1056
1056
1024
1017
992
960
960
941
941
903
928
928
947
966
986
1017
1030
1043
1056
1075
1068
1068
1049
1037
1024
998
973
960
947
928
922
928
922
947
960
966
1011
1017
1043
1056
1062
1068
1068
1056
1049
1030
998
986
960
947
947
935
909
922
941
954
973
986
1024
1030
1056
1062
1062
1075
1056
1056
1030
1017
998
960
947
947
941
916
922
935
947
973
986
1011
1024
1049
1062
1062
1075
1068
1056
1037
1037
986
973
960
947
935
922
922
935
941
960
979
1011
1024
1049
1049
1075
1068
1068
1056
1056
1024
1005
979
966
947
935
928
922
922
947
947
986
992
1017
1037
1056
1062
1068
1075
1062
1049
1030
1017
986
966
954
941
928
922
922
935
947
960
998
1011
1030
1056
1062
1062
1075
1056
1068
1024
1024
992
966
960
947
928
916
928
928
947
960
973
1011
1024
1049
1043
1068
1075
1062
1056
1049
1030
998
979
960
947
941
928
922
916
947
947
986
992
1024
1030
1062
1062
1062
1062
1075
1043
1030
1011
998
960
947
947
941
916
916
935
954
973
986
1024
1030
1056
1056
1068
1081
1062
1056
1037
1024
998
973
947
947
935
922
922
941
935
966
986
1011
1024
1049
1056
1075
1068
1062
1062
1049
1024
992
979
966
941
935
935
922
922
947
947
986
998
1024
1037
1049
1075
1062
1068
1056
1062
1024
1011
992
966
947
928
941
909
922
941
954
966
992
1017
1024
1056
1062
1075
1075
1062
1056
1024
1030
986
960
960
947
935
909
928
928
947
960
986
1011
1024
1049
1049
1075
1062
1062
1049
1049
1024
1011
960
973
947
928
928
922
922
947
954
986
992
1030
1037
1056
1062
1075
1068
1056
1049
1030
1005
986
966
954
935
935
909
922
935
960
973
998
1011
1037
1049
1062
1075
1068
1062
1056
1024
1024
992
966
947
947
928
916
922
935
947
960
986
1011
1024
1049
1049
1075
1062
1075
1043
1056
1024
998
973
960
947
935
922
922
928
947
941
986
992
1030
1037
1049
1062
1062
1075
1062
1043
1030
1011
992
960
947
941
935
909
928
928
954
966
992
1017
1024
1049
1062
1062
1081
1049
1068
1024
1024
992
966
960
947
928
916
928
928
947
960
973
1011
1017
1049
1049
1068
1075
1062
1056
1037
1030
1011
979
960
947
941
928
916
922
941
954
973
992
1017
1037
1049
1062
1068
1068
1062
1049
1037
1011
998
960
947
947
941
916
922
935
947
960
998
1011
1024
1049
1062
1075
1075
1062
1056
1030
1030
979
986
960
941
928
922
922
922
947
960
979
1005
1024
1037
1056
1068
1062
1075
1049
1062
1024
1005
979
960
947
941
928
922
922
941
947
979
986
1024
1030
1056
1062
1068
1068
1062
1049
1037
1011
998
960
960
947
935
909
928
928
954
960
992
1011
1030
1056
1056
1068
1068
1068
1062
1030
1024
992
979
954
954
928
928
922
928
947
954
979
1011
1017
1037
1056
1075
1062
1075
1049
1049
1024
1011
979
960
954
935
928
916
922
941
947
979
986
1024
1037
1049
1062
1062
1068
1056
1062
1024
1024
992
966
947
947
935
909
928
928
947
966
992
1011
1024
1049
1056
1075
1075
1062
1056
1030
1037
986
973
960
947
922
928
922
935
935
947
986
1011
1024
1037
1049
1068
1068
1068
1056
1049
1030
1005
986
960
947
941
928
922
909
947
947
973
998
1011
1030
1056
1056
1068
1075
1049
1062
1030
1017
998
960
954
941
935
916
928
935
947
954
992
1011
1024
1049
1011
1024
1049
1056
1056
1030
1037
986
986
954
941
935
928
916
928
941
947
986
992
1024
1043
1049
1062
1062
1075
1062
1049
1024
1011
979
966
947
947
922
922
916
941
947
973
979
1017
1030
1056
1049
1068
1068
1062
1049
1037
1024
992
966
960
947
922
922
922
916
954
960
986
1011
1024
1037
1062
1075
1075
1062
1056
1037
1030
998
986
954
941
935
922
928
928
935
960
973
1005
1017
1049
1049
1062
1068
1068
1062
1056
1024
1011
986
966
947
935
935
922
922
935
941
979
992
1017
1037
1049
1062
1062
1075
1062
1049
1037
1017
992
966
954
941
941
909
922
935
947
960
998
1011
1024
1049
1049
1068
1081
1056
1062
1030
1024
986
973
960
954
928
922
922
922
947
960
979
1005
1024
1043
1049
1068
1062
1062
1062
1043
1030
998
979
966
941
941
922
922
916
941
947
979
992
1024
1030
1056
1056
1068
1062
1068
1043
1030
1017
986
966
947
941
935
909
922
935
954
966
986
1011
1024
1056
1062
1068
1075
1062
1049
1030
1024
986
960
960
954
922
922
922
922
947
960
986
1011
1011
1049
1049
1075
1062
1062
1062
1037
1037
998
979
966
947
928
928
922
922
947
947
979
992
1017
1037
1056
1062
1056
1068
1062
1049
1024
1011
986
973
941
935
941
909
922
935
954
966
992
1011
1030
1049
1056
1068
1075
1056
1056
1024
1024
986
973
947
947
928
916
922
935
947
960
986
1005
1030
1037
1056
1075
1068
1062
1062
1037
1024
998
973
960
947
935
928
916
922
947
947
986
992
1017
1037
1062
1062
1062
1068
1056
1049
1037
1011
986
960
947
935
935
916
922
941
947
960
992
1017
1024
1049
1056
1068
1075
1062
1062
1024
1024
986
960
960
947
922
922
922
935
947
947
986
1011
1024
1049
1037
1087
1068
1062
1056
1049
1024
1011
979
966
941
935
928
922
916
941
954
979
998
1017
1037
1056
1062
1062
1075
1049
1062
1024
1005
1005
960
947
941
935
916
922
935
954
966
992
1005
1030
1049
1056
1062
1075
1062
1049
1024
1024
979
979
960
935
935
922
922
935
941
960
979
1011
1024
1043
1043
1075
1062
1068
1056
1043
1011
1011
973
960
954
922
935
916
916
947
947
973
998
1011
1037
1049
1062
1068
1068
1056
1049
1030
1005
1005
947
960
935
941
909
916
935
947
973
986
1017
1030
1043
1056
1075
1075
1062
1056
1030
1024
979
979
960
941
928
922
922
935
935
960
979
998
1030
1049
1049
1068
1062
1068
1062
1049
1024
998
973
973
947
935
928
922
916
947
947
973
998
1011
1037
1049
1062
1062
1075
1062
1049
1024
1011
998
960
947
947
935
909
922
928
954
960
998
1011
1024
1049
1062
1062
1075
1075
1049
1030
1024
992
973
960
941
928
922
922
922
947
954
979
1011
1024
1043
1043
1075
1068
1062
1062
1056
1024
1005
979
960
947
928
941
916
916
947
947
973
998
1024
1030
1056
1062
1062
1075
1062
1049
1030
1005
998
960
960
935
935
909
922
935
947
960
998
1011
1024
1043
1056
1075
1075
1062
1049
1030
1030
992
973
954
947
928
916
922
928
941
960
979
1005
1024
1037
1049
1075
1062
1075
1049
1049
1030
1005
986
960
941
941
935
922
916
947
941
986
979
1024
1043
1049
1062
1062
1062
1062
1056
1030
1011
998
960
960
935
941
916
922
935
947
973
986
1011
1024
1049
1062
1068
1081
1062
1049
1024
1030
992
973
947
954
928
922
922
935
947
954
979
1011
1024
1049
1043
1081
1062
1062
1062
1037
1030
1005
966
966
947
935
922
922
922
947
954
979
998
1011
1049
1056
1068
1062
1068
1056
1056
1030
998
986
966
941
947
935
909
922
935
954
966
992
1017
1030
1049
1068
1062
1075
1062
1049
1024
1017
992
966
954
947
916
922
922
928
960
947
998
998
1037
1049
1043
1068
1068
1068
1049
1049
1017
1005
973
960
947
935
922
922
928
947
947
986
992
1024
1037
1056
1068
1062
1075
1056
1043
1037
998
998
960
954
941
935
903
928
935
954
966
998
1011
1030
1056
1062
1062
1075
1062
1049
1024
1030
992
960
960
947
928
916
928
928
941
966
986
1011
1017
1056
1049
1075
1075
1062
1056
1049
1030
992
979
960
947
935
922
935
909
947
947
986
986
1030
1037
1056
1056
1068
1068
1062
1056
1017
1017
998
954
947
941
935
909
928
935
954
966
992
1011
1024
1062
1056
1068
1075
1062
1049
1030
1030
986
973
947
954
928
922
916
935
941
960
986
1005
1030
1037
1049
1075
1062
1068
1056
1049
1024
1005
979
954
954
935
928
922
922
941
960
973
998
1011
1037
1062
1062
1062
1056
1068
1049
1030
1005
998
954
954
935
935
909
922
935
947
960
992
1011
1024
1056
1049
1075
1075
1062
1043
1030
1037
986
973
954
947
928
909
935
922
954
954
979
1005
1024
1043
1043
1081
1062
1068
1049
1056
1030
998
986
960
947
935
935
922
922
935
947
979
992
1024
1037
1049
1049
1075
1062
1062
1056
1030
1011
1005
960
954
947
935
909
922
928
954
960
979
1017
1030
1037
1068
1068
1081
1062
1049
1037
1030
992
973
960
947
928
928
922
922
941
954
979
1005
1017
1043
1049
1075
1056
1075
1056
1049
1024
1017
986
966
935
941
928
922
922
941
941
979
992
1024
1024
1056
1056
1062
1075
1062
1043
1043
1011
998
960
947
947
941
916
922
928
954
954
992
1011
1024
1043
1056
1068
1081
1062
1056
1030
1037
986
986
960
947
935
916
922
922
954
954
979
998
1024
1043
1049
1068
1062
1075
1062
1049
1024
1011
986
960
947
935
935
916
922
941
947
979
992
1017
1030
1062
1062
1062
1075
1062
1049
1037
1011
998
966
954
947
935
916
928
928
954
960
992
1017
1024
1043
1056
1068
1068
1068
1056
1037
1024
992
979
954
954
922
922
928
935
947
954
986
1005
1024
1043
1049
1075
1068
1068
1049
1056
1017
1011
986
960
947
935
935
922
922
935
954
979
992
1030
1037
1049
1056
1068
1075
1062
1049
1024
1017
998
966
947
941
935
909
928
935
947
960
992
1011
1030
1043
1056
1075
1068
1068
1056
1030
1030
992
979
954
954
928
928
916
935
935
960
973
1011
1024
1037
1056
1068
1068
1068
1062
1049
1030
1005
986
960
947
947
922
916
922
941
954
973
992
1024
1030
1056
1049
1068
1068
1062
1049
1037
1017
992
960
960
935
947
909
922
928
941
960
986
1011
1024
1043
1056
1068
1075
1056
1056
1037
1030
992

