0.78125 94.9581228943
1.5625 318.833634715
2.34375 395.777250403
3.125 162.930512907
3.90625 296.337688592
4.6875 443.524638716
5.46875 451.43165359
6.25 503.935069069
7.03125 350.594388279
7.8125 313.822801104
8.59375 452.13033356
9.375 266.657326634
10.15625 309.528334063
10.9375 263.784451389
11.71875 272.632035847
12.5 452.976343368
13.28125 481.57246635
14.0625 337.437348053
14.84375 141.353800488
15.625 380.912366741
16.40625 342.249820763
17.1875 261.805186025
17.96875 412.121433974
18.75 379.084752614
19.53125 290.002132054
20.3125 242.632717547
21.09375 340.65270401
21.875 330.328526396
22.65625 292.071810224
23.4375 343.50509683
24.21875 386.323902651
25.0 266.528248749
25.78125 281.157543001
26.5625 365.462772261
27.34375 447.297864802
28.125 373.140324151
28.90625 431.129679226
29.6875 301.64987961
30.46875 365.866893164
31.25 359.406421894
32.03125 300.570876786
32.8125 301.475493459
33.59375 289.797829274
34.375 278.31094533
35.15625 287.702945001
35.9375 343.464770499
36.71875 272.204425048
37.5 282.14919887
38.28125 345.351719268
39.0625 379.894401281
39.84375 384.182523938
40.625 422.419635735
41.40625 3529.49171949
42.1875 302.210643795
42.96875 383.965775766
43.75 322.424770993
44.53125 309.538239693
45.3125 351.462958065
46.09375 328.006205849
46.875 313.297398306
47.65625 320.24204636
48.4375 398.074608318
49.21875 359.346453234
50.0 457.173131832
50.78125 322.39675565
51.5625 553.485661448
52.34375 477.530751517
53.125 394.07498752
53.90625 494.603229267
54.6875 507.564714059
55.46875 32.9996301378
56.25 231.753041132
57.03125 310.513593584
57.8125 284.763767902
58.59375 402.19122279
59.375 414.826571423
60.15625 358.806686841
60.9375 371.88073783
61.71875 238.93288639
62.5 410.263709088
63.28125 418.758246213
64.0625 395.17722705
64.84375 381.224445386
65.625 470.021708067
66.40625 416.858599335
67.1875 469.752035063
67.96875 418.149690256
68.75 448.779353302
69.53125 643.173052321
70.3125 593.758944095
71.09375 464.422899714
71.875 560.159816403
72.65625 634.555102034
73.4375 571.419893502
74.21875 909.297307355
75.0 815.417716358
75.78125 856.098827032
76.5625 1046.74580402
77.34375 1105.39028988
78.125 896.060725245
78.90625 1393.27223021
79.6875 1483.63221648
80.46875 1742.65813576
81.25 3159.52279196
82.03125 5812.9893342
82.8125 73016.5469616
83.59375 4720.23007982
84.375 2720.941904
85.15625 1537.0678685
85.9375 1149.80328505
86.71875 1159.24089154
87.5 774.276728839
88.28125 562.215177084
89.0625 744.658127926
89.84375 687.589003557
90.625 604.952029016
91.40625 747.357266433
92.1875 518.142526797
92.96875 584.002260559
93.75 122.181257523
94.53125 158.689017181
95.3125 336.736066872
96.09375 295.291316971
96.875 269.730968243
97.65625 241.73408409
98.4375 413.718235558
99.21875 280.632085522
100.0 375.717027919
100.78125 248.101731634
101.5625 244.295133832
102.34375 276.169213989
103.125 344.037827156
103.90625 272.374885965
104.6875 328.313956086
105.46875 248.837996282
106.25 291.523886601
107.03125 230.870460061
107.8125 205.293963594
108.59375 219.05637035
109.375 155.785812274
110.15625 123.111940021
110.9375 417.54459767
111.71875 436.361514515
112.5 185.4665066
113.28125 254.617883894
114.0625 240.358739448
114.84375 200.579765452
115.625 167.047737003
116.40625 164.401454909
117.1875 244.646376473
117.96875 233.094088514
118.75 270.646989452
119.53125 182.783528767
120.3125 181.762256849
121.09375 167.649384435
121.875 139.949550583
122.65625 174.748302558
123.4375 228.150889237
124.21875 416.283492293
125.0 594.969605606
125.78125 331.053311958
126.5625 139.89431542
127.34375 162.84443233
128.125 195.474142472
128.90625 266.845611306
129.6875 245.862713903
130.46875 225.869203591
131.25 282.386002015
132.03125 265.101075521
132.8125 185.736363661
133.59375 368.421983433
134.375 212.041850856
135.15625 131.954670659
135.9375 174.606374183
136.71875 286.165295794
137.5 199.868511308
138.28125 294.951175542
139.0625 197.304120764
139.84375 297.824479217
140.625 257.755991783
141.40625 306.092990658
142.1875 233.007183508
142.96875 237.462487313
143.75 281.014675526
144.53125 226.048732653
145.3125 293.050256476
146.09375 234.550538623
146.875 179.130851797
147.65625 137.335908388
148.4375 203.619470529
149.21875 175.412202275
150.0 253.78202406
150.78125 233.886724524
151.5625 322.513375762
152.34375 250.404121142
153.125 190.768513836
153.90625 139.692639567
154.6875 190.622586133
155.46875 103.132620371
156.25 124.928865065
157.03125 80.7069788134
157.8125 67.0210521793
158.59375 255.934882394
159.375 162.375147014
160.15625 106.774059476
160.9375 158.179686731
161.71875 59.500636759
162.5 117.586403732
163.28125 152.861997365
164.0625 208.866352193
164.84375 507.894170464
165.625 4471.7304929
166.40625 789.230882485
167.1875 530.586632659
167.96875 435.827161085
168.75 395.625359801
169.53125 433.825510878
170.3125 283.804785702
171.09375 266.977548404
171.875 266.443385434
172.65625 300.014716661
173.4375 186.481179845
174.21875 323.684963994
175.0 291.881104902
175.78125 235.776940218
176.5625 292.591590196
177.34375 158.789715564
178.125 251.205554907
178.90625 303.572347178
179.6875 300.84906339
180.46875 366.047514899
181.25 314.270294055
182.03125 327.711383911
182.8125 336.588436136
183.59375 290.119571164
184.375 762.374989535
185.15625 170.651898962
185.9375 135.302370615
186.71875 184.218144944
187.5 173.599704387
188.28125 221.702209484
189.0625 191.330141208
189.84375 189.914792846
190.625 187.957185774
191.40625 206.429909177
192.1875 228.1541208
192.96875 175.684735145
193.75 224.969930566
194.53125 209.157002148
195.3125 175.572375787
196.09375 372.752498491
196.875 75.6935324473
197.65625 360.811602904
198.4375 168.371291553
199.21875 159.7785545
200.0 498.280703473
200.78125 358.876610957
201.5625 324.909870748
202.34375 72.9142703522
203.125 365.665671655
203.90625 187.039417664
204.6875 159.093589096
205.46875 268.841339712
206.25 470.671734006
207.03125 463.267287815
207.8125 217.386882274
208.59375 244.40683185
209.375 214.943199656
210.15625 155.315654198
210.9375 134.814178252
211.71875 118.05858949
212.5 247.174295996
213.28125 187.302126296
214.0625 90.6480675896
214.84375 221.58711831
215.625 238.420230457
216.40625 219.945995539
217.1875 162.02803459
217.96875 158.648084107
218.75 73.8687188361
219.53125 179.55828101
220.3125 281.196866254
221.09375 68.8734819725
221.875 301.712775157
222.65625 173.44485089
223.4375 209.170530377
224.21875 53.337242127
225.0 196.642732576
225.78125 55.4840792322
226.5625 130.31458299
227.34375 102.734574541
228.125 36.4359675024
228.90625 221.492469359
229.6875 214.219038761
230.46875 218.90916926
231.25 106.604593108
232.03125 202.938609824
232.8125 223.304237876
233.59375 254.830012411
234.375 190.085376726
235.15625 318.735527226
235.9375 83.40671519
236.71875 134.787871656
237.5 151.303368707
238.28125 378.377562506
239.0625 114.861447938
239.84375 327.186680807
240.625 180.003878839
241.40625 325.592855994
242.1875 363.171773073
242.96875 218.623066839
243.75 387.625633954
244.53125 279.807297154
245.3125 219.484933062
246.09375 606.069411305
246.875 239.332680927
247.65625 435.122710321
248.4375 1808.77442732
249.21875 198.492570985
250.0 841.942937714
250.78125 211.200744243
251.5625 213.9568807
252.34375 78.4239564369
253.125 58.271224791
253.90625 130.201929536
254.6875 192.470713403
255.46875 115.402148868
256.25 104.574292213
257.03125 128.932216048
257.8125 163.845743881
258.59375 150.411104956
259.375 148.813675018
260.15625 296.37337029
260.9375 309.932471238
261.71875 203.570454818
262.5 188.841558718
263.28125 68.4308625014
264.0625 57.7255527811
264.84375 50.2584316543
265.625 135.312662265
266.40625 702.292729689
267.1875 764.586324897
267.96875 224.138718407
268.75 174.695466041
269.53125 327.251991269
270.3125 105.219284476
271.09375 349.375169496
271.875 169.252098483
272.65625 102.020029141
273.4375 261.837291419
274.21875 173.195277145
275.0 339.676154097
275.78125 349.885893357
276.5625 405.170350445
277.34375 197.459009158
278.125 280.775904676
278.90625 159.864338426
279.6875 99.6791474796
280.46875 237.611796005
281.25 72.3546312502
282.03125 196.486122959
282.8125 200.855435645
283.59375 265.756313853
284.375 400.623778442
285.15625 351.811591645
285.9375 122.906654123
286.71875 154.478309762
287.5 47.3040616855
288.28125 468.858152732
289.0625 284.787532821
289.84375 1054.91451844
290.625 69.2902914262
291.40625 203.76044732
292.1875 47.8217585768
292.96875 145.969748971
293.75 224.755529247
294.53125 192.771342312
295.3125 8.06127142633
296.09375 155.405507031
296.875 336.885742227
297.65625 225.011099999
298.4375 109.415833709
299.21875 21.9800531848
300.0 44.9794085483
300.78125 322.427571088
301.5625 80.6838027501
302.34375 211.400880989
303.125 289.52778021
303.90625 305.23860526
304.6875 58.4522887011
305.46875 79.5584582778
306.25 81.1854898904
307.03125 216.005373977
307.8125 1067.59708628
308.59375 413.822859389
309.375 140.896478603
310.15625 315.307680326
310.9375 175.514001064
311.71875 270.983692146
312.5 147.414390158
313.28125 149.757683383
314.0625 175.503869383
314.84375 125.366854964
315.625 110.614726997
316.40625 114.189345197
317.1875 99.789290922
317.96875 473.398650461
318.75 231.929921213
319.53125 29.4572745983
320.3125 305.661872775
321.09375 183.567341972
321.875 269.136370826
322.65625 271.398913342
323.4375 298.144396675
324.21875 436.837063707
325.0 92.3174508348
325.78125 143.549216382
326.5625 297.573956383
327.34375 201.814369424
328.125 211.364387939
328.90625 187.268651713
329.6875 196.764524439
330.46875 396.35256036
331.25 704.810328177
332.03125 366.010718201
332.8125 122.807514115
333.59375 293.780787289
334.375 236.710091282
335.15625 42.0103201817
335.9375 214.755346877
336.71875 99.4990976794
337.5 108.467031023
338.28125 75.669401728
339.0625 98.1941692068
339.84375 176.725267535
340.625 219.925571685
341.40625 194.367965328
342.1875 183.258443419
342.96875 300.42557274
343.75 180.576820413
344.53125 154.230841884
345.3125 51.248416389
346.09375 231.011497554
346.875 184.275287884
347.65625 197.438882508
348.4375 92.8847644634
349.21875 297.666440851
350.0 107.434053984
350.78125 65.7021327056
351.5625 179.094604961
352.34375 169.588932188
353.125 97.0631147235
353.90625 140.797964567
354.6875 220.45741801
355.46875 368.889872391
356.25 456.848819319
357.03125 303.499440863
357.8125 245.789282341
358.59375 79.7163750024
359.375 112.587040821
360.15625 175.132018952
360.9375 43.664738507
361.71875 319.977598414
362.5 86.5800082583
363.28125 352.331283086
364.0625 171.080276392
364.84375 148.077886578
365.625 13.5425940032
366.40625 69.1621867396
367.1875 242.705917561
367.96875 230.775004046
368.75 302.768624811
369.53125 508.778036121
370.3125 318.777767984
371.09375 130.930460604
371.875 242.904684698
372.65625 479.219466811
373.4375 205.147174067
374.21875 126.261728981
375.0 160.742264596
375.78125 389.092432031
376.5625 99.987874994
377.34375 285.847486096
378.125 426.450815571
378.90625 227.503343612
379.6875 161.716842909
380.46875 147.036011779
381.25 52.7184289885
382.03125 116.224450187
382.8125 63.035617472
383.59375 157.372523388
384.375 86.7267200573
385.15625 340.890696292
385.9375 121.929240993
386.71875 190.977831443
387.5 124.830094962
388.28125 134.219538317
389.0625 373.36205977
389.84375 101.749724779
390.625 137.096156445
391.40625 303.402902802
392.1875 68.907359519
392.96875 236.772345978
393.75 200.838334717
394.53125 219.554059326
395.3125 145.435886779
396.09375 156.706436113
396.875 188.517961534
397.65625 144.099436314
398.4375 209.285117259
399.21875 68.1035688333
400.0 702.314032325
400.78125 227.214408833
401.5625 335.868767185
402.34375 176.612358459
403.125 354.717190044
403.90625 197.119463812
404.6875 298.677838799
405.46875 474.073885477
406.25 140.32942918
407.03125 247.724556758
407.8125 255.222010958
408.59375 220.323749639
409.375 226.00228296
410.15625 158.590739656
410.9375 262.425748352
411.71875 277.212540318
412.5 19.2930213299
413.28125 270.755843506
414.0625 203.886064251
414.84375 246.869300976
415.625 166.949401863
416.40625 145.597663266
417.1875 225.46346321
417.96875 249.611366836
418.75 43.6069048091
419.53125 82.2690671997
420.3125 76.7181616675
421.09375 290.657691281
421.875 61.6498086744
422.65625 316.554610938
423.4375 118.514020618
424.21875 413.23913063
425.0 179.314035774
425.78125 203.533035557
426.5625 136.373683256
427.34375 428.206380946
428.125 192.554019537
428.90625 393.343067101
429.6875 316.796075784
430.46875 194.55466095
431.25 610.094115299
432.03125 210.025257705
432.8125 66.7610560829
433.59375 92.9475843854
434.375 94.7820017637
435.15625 207.80828206
435.9375 92.5955856003
436.71875 198.294440679
437.5 178.523708816
438.28125 289.662055131
439.0625 68.8583182221
439.84375 251.977676855
440.625 161.124280321
441.40625 152.640750025
442.1875 130.390836746
442.96875 199.345074167
443.75 258.158985299
444.53125 351.294044575
445.3125 66.8959354643
446.09375 53.710028637
446.875 314.85128045
447.65625 63.6795717854
448.4375 302.425628093
449.21875 301.733469958
450.0 459.031620295
450.78125 41.350806362
451.5625 152.851776364
452.34375 161.308894673
453.125 140.059952336
453.90625 2.64484819497
454.6875 120.132785659
455.46875 350.89668509
456.25 163.951606736
457.03125 142.029920435
457.8125 393.620764124
458.59375 174.237389237
459.375 208.713476863
460.15625 206.589410361
460.9375 84.2961182744
461.71875 251.038691417
462.5 335.643469394
463.28125 298.553569757
464.0625 55.881149225
464.84375 196.686118511
465.625 290.557405225
466.40625 223.594334193
467.1875 146.943072321
467.96875 247.57193142
468.75 271.200299514
469.53125 165.735948359
470.3125 47.8797487933
471.09375 102.735500706
471.875 285.917856091
472.65625 374.667271741
473.4375 128.350460588
474.21875 221.274993019
475.0 142.883289675
475.78125 159.230199947
476.5625 278.552837627
477.34375 162.581089138
478.125 273.018402752
478.90625 111.30572183
479.6875 325.458130164
480.46875 272.703082354
481.25 87.0053204231
482.03125 85.8446529694
482.8125 976.653869604
483.59375 181.750426706
484.375 151.070057563
485.15625 313.635642422
485.9375 297.296938939
486.71875 400.285039717
487.5 246.656061406
488.28125 87.7867047679
489.0625 350.944810287
489.84375 278.672254851
490.625 219.811860483
491.40625 304.730911577
492.1875 528.723168676
492.96875 586.028116246
493.75 247.327571545
494.53125 84.0470646573
495.3125 56.3544063746
496.09375 190.72335169
496.875 371.508995202
497.65625 137.245509964
498.4375 134.227915463
499.21875 280.365997714
500.0 675.53510911
500.78125 258.591220249
501.5625 238.80381169
502.34375 240.503354223
503.125 197.318515492
503.90625 80.6452583638
504.6875 69.1832264877
505.46875 131.308358288
506.25 161.018298033
507.03125 159.629674756
507.8125 216.169581908
508.59375 142.829197051
509.375 121.052769731
510.15625 113.099351627
510.9375 328.801344602
511.71875 270.320638284
512.5 123.179273056
513.28125 11.199771761
514.0625 13.3616856309
514.84375 371.864798661
515.625 352.228092699
516.40625 104.344736702
517.1875 235.485571474
517.96875 245.748420543
518.75 290.747223213
519.53125 634.983676435
520.3125 107.109332661
521.09375 291.761836108
521.875 242.862985429
522.65625 158.258530029
523.4375 603.545662115
524.21875 103.991156528
525.0 41.0915967757
525.78125 256.083559535
526.5625 362.608754026
527.34375 308.012735391
528.125 113.552201925
528.90625 328.291206147
529.6875 137.290755812
530.46875 168.159572231
531.25 142.827184201
532.03125 297.516923527
532.8125 164.028729856
533.59375 543.32470184
534.375 313.763633603
535.15625 568.128750742
535.9375 227.430422677
536.71875 168.611452371
537.5 339.432725597
538.28125 253.896050436
539.0625 325.884476701
539.84375 140.407795434
540.625 521.389676627
541.40625 209.479494209
542.1875 133.315242084
542.96875 335.531457497
543.75 69.0702631166
544.53125 265.410718977
545.3125 129.303514138
546.09375 153.630790064
546.875 288.478231205
547.65625 237.122005164
548.4375 454.45716742
549.21875 73.7598641405
550.0 507.103045473
550.78125 127.814536902
551.5625 96.157788333
552.34375 447.006312348
553.125 518.272492567
553.90625 339.422919611
554.6875 272.069697251
555.46875 119.441766008
556.25 482.272924714
557.03125 410.14610527
557.8125 227.016471508
558.59375 64.5232700422
559.375 148.434073505
560.15625 162.992559469
560.9375 79.9243764835
561.71875 256.196760256
562.5 73.0095181282
563.28125 143.274546909
564.0625 165.992782974
564.84375 196.163462343
565.625 630.609771133
566.40625 309.361238487
567.1875 467.315261595
567.96875 430.825377819
568.75 84.2657436197
569.53125 355.645094405
570.3125 269.329408228
571.09375 720.009806777
571.875 295.877960303
572.65625 80.1122643313
573.4375 374.501404073
574.21875 118.656423362
575.0 291.226851788
575.78125 191.955193375
576.5625 486.896029959
577.34375 274.984823216
578.125 309.7503196
578.90625 368.539062068
579.6875 351.172444431
580.46875 195.850509443
581.25 87.9429397489
582.03125 258.291917789
582.8125 280.53857911
583.59375 312.360855281
584.375 483.367137863
585.15625 44.2637415465
585.9375 181.104917039
586.71875 48.0528796058
587.5 183.102905307
588.28125 111.090978044
589.0625 432.706042561
589.84375 70.3558513498
590.625 65.4103965016
591.40625 90.9525845203
592.1875 163.404616653
592.96875 318.294662418
593.75 108.925936973
594.53125 427.860402316
595.3125 214.734320676
596.09375 449.729315935
596.875 168.125085113
597.65625 362.800553923
598.4375 294.896610453
599.21875 571.459765836
600.0 501.731342998
600.78125 303.916465592
601.5625 135.704087434
602.34375 397.992873816
603.125 592.735629542
603.90625 485.594185305
604.6875 126.283206386
605.46875 531.372054119
606.25 412.212394645
607.03125 218.198629389
607.8125 175.435130344
608.59375 424.710280794
609.375 351.492055628
610.15625 469.118599368
610.9375 208.672977904
611.71875 352.570877064
612.5 321.383791806
613.28125 276.050926491
614.0625 527.448187625
614.84375 126.432919887
615.625 110.210147217
616.40625 306.023569061
617.1875 106.008109613
617.96875 90.6708644293
618.75 456.773441241
619.53125 182.288872829
620.3125 367.655262139
621.09375 528.812511493
621.875 158.930253096
622.65625 22.805242603
623.4375 212.238700998
624.21875 168.122358521
625.0 176.184601507
625.78125 118.034483306
626.5625 116.351262073
627.34375 227.070769912
628.125 226.344348472
628.90625 535.894589606
629.6875 29.5343856399
630.46875 130.595173229
631.25 189.148936879
632.03125 322.691068169
632.8125 174.143499679
633.59375 245.941146626
634.375 71.6731585835
635.15625 88.7767486943
635.9375 125.802327555
636.71875 201.24564301
637.5 160.16440854
638.28125 269.781101472
639.0625 101.958051501
639.84375 330.978942726
640.625 85.061611323
641.40625 378.728601929
642.1875 92.4336275308
642.96875 120.882373355
643.75 158.133736214
644.53125 210.554085816
645.3125 200.311190775
646.09375 359.956139559
646.875 300.277123901
647.65625 300.729370698
648.4375 622.547376693
649.21875 385.03954093
650.0 447.063774049
650.78125 44.6751820662
651.5625 173.061484168
652.34375 608.455641564
653.125 158.565836084
653.90625 138.944572246
654.6875 134.863569119
655.46875 415.083776419
656.25 192.499143369
657.03125 96.0040328762
657.8125 232.180438657
658.59375 326.239425731
659.375 211.685537832
660.15625 425.784802906
660.9375 353.618404435
661.71875 549.629426384
662.5 27.2071406079
663.28125 388.331386352
664.0625 294.891769195
664.84375 99.905478267
665.625 353.246498358
666.40625 118.552133197
667.1875 88.0364573968
667.96875 323.92175531
668.75 176.360673014
669.53125 149.141745518
670.3125 182.605784557
671.09375 283.762861692
671.875 88.8671346702
672.65625 94.5323929401
673.4375 80.4677146432
674.21875 195.838984162
675.0 428.086697621
675.78125 80.017575494
676.5625 471.137324747
677.34375 432.076847258
678.125 175.165033683
678.90625 206.547420853
679.6875 93.2114862926
680.46875 141.345100348
681.25 300.536160923
682.03125 203.305144295
682.8125 258.026848021
683.59375 49.0062795189
684.375 116.328359046
685.15625 368.285115192
685.9375 155.347759542
686.71875 308.103582546
687.5 583.540844542
688.28125 146.412155723
689.0625 339.371409392
689.84375 305.998207155
690.625 21.5713783231
691.40625 119.246375583
692.1875 65.4327490283
692.96875 299.594926311
693.75 66.8573750734
694.53125 49.7072295021
695.3125 222.342246394
696.09375 401.836088534
696.875 316.075713228
697.65625 342.897969425
698.4375 95.5919786958
699.21875 263.111953471
700.0 3299.88573804
700.78125 121.548823899
701.5625 377.13100775
702.34375 351.671124559
703.125 365.207721414
703.90625 250.944013097
704.6875 81.4557146699
705.46875 290.622444463
706.25 94.4326348905
707.03125 469.927201911
707.8125 381.87427177
708.59375 215.723731168
709.375 434.260465573
710.15625 253.963719492
710.9375 280.375977733
711.71875 244.648330761
712.5 454.462461878
713.28125 59.071901388
714.0625 163.781725762
714.84375 33.6516849772
715.625 241.696371539
716.40625 278.922712814
717.1875 777.609961868
717.96875 291.07715792
718.75 188.208604012
719.53125 241.511820506
720.3125 282.560124884
721.09375 249.499429144
721.875 54.6623080612
722.65625 336.162963937
723.4375 226.726501408
724.21875 163.493792572
725.0 125.632664291
725.78125 269.910690228
726.5625 163.575619019
727.34375 48.5238000382
728.125 396.595614661
728.90625 247.209659979
729.6875 293.692637263
730.46875 591.814180528
731.25 603.250425434
732.03125 354.275664804
732.8125 182.098119994
733.59375 344.594858077
734.375 350.836276609
735.15625 174.433339071
735.9375 90.4996287593
736.71875 246.669222336
737.5 383.040388802
738.28125 213.748436585
739.0625 120.456796586
739.84375 145.280530274
740.625 183.382661477
741.40625 652.430939965
742.1875 383.602233335
742.96875 97.7439914529
743.75 194.496610754
744.53125 140.436718067
745.3125 97.4306230694
746.09375 76.1869671644
746.875 367.710880905
747.65625 361.603593957
748.4375 234.41307746
749.21875 282.72698144
750.0 1142.49196069
750.78125 150.908098099
751.5625 137.732795634
752.34375 507.869951009
753.125 136.902567192
753.90625 395.303496264
754.6875 191.71387589
755.46875 192.683979757
756.25 62.6416740055
757.03125 82.9512049145
757.8125 271.628077422
758.59375 264.684190719
759.375 105.190613519
760.15625 313.031875658
760.9375 154.497577999
761.71875 306.690714651
762.5 441.70658258
763.28125 188.675552279
764.0625 65.7074584868
764.84375 252.372084563
765.625 49.9870168045
766.40625 221.224184393
767.1875 101.085335319
767.96875 176.88297808
768.75 187.461725885
769.53125 133.996872512
770.3125 215.442329922
771.09375 303.680032313
771.875 270.340099535
772.65625 71.0551260629
773.4375 151.072432105
774.21875 449.396429743
775.0 262.356305305
775.78125 306.832911576
776.5625 194.706858927
777.34375 166.998853452
778.125 326.639255011
778.90625 451.701829595
779.6875 116.659554368
780.46875 71.6710360536
781.25 316.950812416
782.03125 690.284271967
782.8125 370.267956924
783.59375 44.3295697688
784.375 106.668303955
785.15625 240.388390053
785.9375 296.072910528
786.71875 322.789627903
787.5 191.365811234
788.28125 394.907908319
789.0625 615.634880316
789.84375 217.420416383
790.625 181.56008716
791.40625 382.456973576
792.1875 316.538725081
792.96875 222.537885247
793.75 220.510333798
794.53125 201.264343977
795.3125 299.581897575
796.09375 113.132370224
796.875 167.091011208
797.65625 644.250810791
798.4375 299.488350585
799.21875 212.243418106

896.0

986
960
947
928
922
928
922
947
973
998
1024
1037
1062
1049
1075
1049
1062
1024
1017
1005
973
960
935
935
922
935
947
966
992
1011
1049
1056
1068
1062
1062
1062
1049
1017
1005
973
960
947
935
909
928
928
960
973
1011
1017
1056
1062
1062
1062
1062
1049
1024
1011
986
973
947
935
922
922
935
960
986
998
1030
1049
1068
1062
1075
1062
1049
1049
1011
986
966
947
941
922
922
922
947
960
986
1011
1037
1037
1062
1062
1062
1049
1049
1024
998
986
960
947
935
928
922
941
960
986
1011
1037
1056
1056
1075
1049
1068
1043
1037
1011
973
960
947
935
922
922
922
947
973
998
1024
1037
1049
1062
1075
1056
1056
1024
1024
998
973
960
935
928
928
922
947
966
1005
1017
1037
1068
1062
1068
1068
1049
1043
1030
998
973
960
922
947
909
922
935
960
979
1005
1024
1049
1062
1056
1068
1062
1049
1024
998
992
960
954
922
922
935
935
960
973
1011
1037
1043
1056
1062
1075
1049
1062
1030
1017
979
973
947
935
928
922
922
935
960
998
1011
1037
1037
1075
1049
1075
1049
1043
1017
998
979
960
947
928
928
916
935
960
986
1024
1024
1056
1056
1068
1068
1062
1037
1030
1017
979
960
947
928
922
922
922
935
986
979
1030
1037
1049
1056
1062
1062
1056
1037
1011
998
973
960
947
922
922
935
947
966
992
1024
1037
1056
1062
1068
1062
1056
1037
1030
1011
960
960
947
935
922
922
928
941
986
998
1030
1043
1062
1056
1056
1075
1049
1024
1005
992
960
954
935
928
922
935
954
979
998
1037
1037
1068
1062
1068
1062
1062
1037
1011
1005
966
954
941
922
922
922
947
947
998
992
1049
1043
1062
1062
1056
1068
1049
1017
1005
979
966
947
928
928
928
935
966
986
1017
1030
1049
1068
1068
1062
1056
1049
1030
1017
979
960
941
928
928
916
935
941
966
1005
1017
1049
1049
1062
1075
1049
1056
1037
1017
986
973
960
947
922
922
941
941
973
998
1017
1049
1056
1062
1062
1075
1049
1049
1017
1005
979
954
947
928
922
916
935
960
979
1017
1024
1043
1049
1075
1056
1062
1049
1024
1011
979
966
947
935
922
922
935
960
986
1011
1024
1043
1062
1062
1068
1062
1049
1037
1017
992
973
947
935
922
922
903
954
960
979
1017
1037
1049
1056
1075
1056
1062
1043
1017
998
973
960
941
941
922
922
935
960
986
1011
1030
1062
1056
1068
1056
1062
1049
1037
998
986
960
947
935
922
922
916
941
973
998
1024
1037
1049
1062
1062
1062
1049
1030
1017
998
973
954
941
928
922
928
947
973
998
1011
1049
1049
1062
1062
1075
1049
1043
1030
992
986
954
935
935
916
916
935
954
979
998
1024
1049
1049
1062
1068
1056
1049
1024
998
992
966
947
935
928
916
935
960
973
1011
1017
1056
1062
1068
1068
1062
1043
1049
1017
986
973
947
947
922
922
922
935
960
986
1011
1037
1049
1056
1068
1062
1049
1049
1017
1005
986
960
947
935
922
922
935
973
986
1011
1030
1049
1056
1062
1062
1062
1043
1037
1011
986
966
947
928
928
916
928
941
979
979
1030
1037
1062
1049
1075
1062
1049
1037
1024
998
973
960
941
928
922
922
947
973
986
1011
1043
1056
1075
1062
1062
1049
1049
1024
1011
973
954
941
947
909
935
922
947
986
998
1024
1049
1049
1062
1068
1062
1043
1030
1005
998
960
954
935
928
922
935
954
973
1005
1037
1043
1062
1062
1068
1056
1068
1024
1056
1068
1024
1017
935
916
922
947
966
998
1024
1037
1049
1062
1075
1049
1056
1030
1017
992
973
954
941
922
928
928
947
973
1005
1017
1043
1043
1075
1062
1062
1062
1037
1024
992
986
954
935
935
922
909
935
954
979
1011
1024
1049
1049
1062
1062
1062
1049
1024
998
986
973
947
935
922
916
941
960
979
1005
1024
1049
1062
1062
1075
1062
1049
1037
1011
986
973
947
935
922
922
909
947
960
979
1017
1037
1049
1062
1062
1068
1043
1049
1017
1005
973
973
935
935
922
928
928
966
986
1017
1024
1062
1049
1075
1062
1062
1043
1037
1011
979
960
947
935
922
922
928
928
986
986
1037
1030
1056
1056
1062
1062
1056
1037
1011
986
973
960
947
922
922
928
947
966
998
1011
1049
1049
1062
1075
1062
1056
1043
1024
1011
973
960
928
947
916
922
935
947
986
998
1024
1043
1056
1068
1068
1056
1049
1030
998
998
960
947
935
916
928
941
954
973
1011
1024
1043
1068
1062
1075
1062
1056
1030
1024
986
986
941
935
928
909
928
941
960
986
1011
1037
1049
1062
1049
1075
1056
1043
1024
998
973
973
947
928
928
922
947
973
973
1024
1037
1056
1056
1075
1062
1062
1049
1030
1017
973
960
941
928
922
903
941
947
986
998
1030
1043
1056
1068
1062
1062
1049
1030
1017
986
973
947
947
922
922
935
960
973
998
1024
1049
1056
1068
1056
1062
1056
1037
1011
1011
960
960
935
935
922
916
941
960
986
1011
1024
1049
1062
1075
1049
1056
1030
1037
998
979
960
941
935
935
922
935
960
986
1011
1024
1037
1075
1062
1068
1049
1062
1030
1011
992
966
947
935
922
922
922
941
954
998
998
1030
1056
1062
1062
1062
1056
1037
1017
998
986
960
941
928
922
935
935
966
979
1011
1037
1049
1062
1075
1056
1062
1049
1030
1011
986
960
947
922
935
909
935
941
966
998
1024
1037
1062
1062
1062
1056
1056
1030
1030
986
973
960
947
922
922
935
947
973
998
1011
1049
1049
1075
1049
1075
1049
1049
1024
1011
973
954
941
922
928
922
941
947
973
1011
1011
1062
1049
1062
1068
1068
1037
1030
1005
986
973
947
935
928
916
947
947
986
998
1024
1049
1062
1075
1062
1062
1049
1049
1011
998
966
947
935
922
916
922
947
960
986
1011
1037
1049
1056
1075
1056
1049
1043
1017
1011
973
973
935
928
928
928
941
960
986
1017
1043
1043
1068
1062
1068
1056
1043
1043
1005
979
960
947
928
928
916
928
947
973
998
1024
1049
1056
1049
1062
1062
1056
1024
1024
986
973
960
935
935
922
928
941
986
998
1011
1043
1056
1075
1062
1062
1056
1043
1024
998
973
960
935
935
916
922
928
960
979
1005
1037
1049
1062
1062
1062
1062
1049
1011
1011
986
960
941
928
928
928
935
960
986
1005
1037
1056
1062
1062
1068
1062
1056
1030
1017
986
966
941
935
922
922
922
941
966
986
1024
1037
1043
1062
1062
1056
1049
1049
1017
998
979
960
941
928
928
928
935
973
986
1017
1030
1049
1062
1075
1056
1062
1043
1037
1005
979
966
941
935
922
922
928
947
966
998
1037
1037
1056
1062
1068
1056
1043
1037
1017
998
973
954
947
922
916
941
954
966
998
1017
1043
1062
1062
1068
1062
1056
1049
1024
998
979
954
935
935
922
922
935
960
973
1005
1030
1049
1062
1056
1068
1062
1037
1037
998
986
960
960
922
928
922
935
954
979
1011
1030
1037
1062
1062
1075
1049
1062
1037
1011
998
966
941
941
928
916
922
941
960
986
1011
1037
1037
1075
1062
1062
1062
1043
1017
998
986
973
947
922
922
935
928
966
986
1011
1037
1056
1062
1068
1068
1056
1049
1037
1011
986
960
947
935
922
909
935
935
979
986
1030
1037
1062
1062
1062
1056
1056
1037
1024
998
973
947
960
922
922
935
947
960
998
1024
1037
1049
1062
1075
1062
1062
1049
1024
1011
973
960
947
935
916
928
935
947
979
1005
1024
1049
1049
1068
1056
1056
1056
1037
992
992
973
954
941
922
922
935
960
979
1005
1024
1043
1068
1062
1075
1062
1056
1043
1011
998
973
947
941
928
916
922
941
960
986
1011
1037
1049
1062
1062
1062
1062
1037
1030
1005
986
960
947
935
922
928
928
973
986
1011
1030
1056
1062
1062
1075
1062
1049
1030
1011
992
947
954
928
922
922
935
935
979
992
1030
1043
1049
1056
1068
1062
1062
1024
1017
979
986
954
954
922
922
928
954
973
998
1024
1037
1049
1075
1062
1075
1049
1037
1024
1005
966
960
947
922
922
922
935
954
979
1011
1024
1049
1049
1075
1049
1062
1049
1024
1011
986
966
941
935
935
922
935
947
986
998
1037
1049
1062
1062
1062
1062
1062
1037
1011
992
973
941
947
922
922
916
941
954
1005
1011
1037
1049
1062
1062
1062
1062
1037
1024
998
973
966
941
928
928
922
935
973
986
1011
1037
1049
1062
1075
1062
1062
1037
1043
998
992
954
947
935
916
928
928
947
966
998
1030
1043
1056
1049
1075
1049
1056
1030
1017
992
986
960
935
922
922
935
954
966
998
1017
1049
1049
1068
1062
1075
1049
1049
1024
998
973
960
941
928
909
935
935
947
986
1005
1024
1056
1049
1062
1062
1062
1049
1030
1005
986
960
954
935
935
916
935
954
979
1011
1037
1037
1062
1075
1062
1068
1056
1037
1011
986
973
947
935
935
909
922
947
960
986
1011
1037
1043
1062
1062
1068
1049
1049
1011
1011
979
966
947
935
922
922
947
960
986
1011
1037
1049
1056
1075
1056
1062
1049
1037
1011
986
960
947
935
922
922
922
947
973
992
1030
1037
1056
1056
1068
1062
1056
1030
1017
998
973
960
935
928
928
928
954
960
998
1024
1037
1049
1062
1075
1062
1062
1049
1017
1005
973
960
935
941
909
928
928
954
979
1005
1024
1049
1049
1068
1068
1056
1049
1024
1005
992
966
954
935
928
922
935
947
986
1005
1030
1049
1062
1062
1068
1068
1049
1037
1024
992
966
954
928
935
916
928
941
966
986
1017
1030
1049
1068
1068
1062
1049
1049
1017
1005
986
954
947
928
922
935
941
966
986
1017
1030
1062
1062
1068
1068
1062
1049
1030
1011
979
954
954
928
916
922
935
935
986
998
1024
1037
1056
1062
1068
1056
1056
1024
1024
986
973
954
954
922
922
928
954
973
998
1024
1037
1062
1068
1068
1062
1049
1030
1024
1005
973
960
935
935
916
922
941
947
986
1005
1030
1049
1049
1075
1049
1068
1043
1024
1011
986
966
941
935
922
928
941
954
979
1011
1024
1049
1062
1062
1075
1062
1062
1037
1011
998
960
947
928
941
922
909
947
960
998
992
1049
1043
1068
1068
1062
1056
1043
1024
998
986
960
947
928
922
928
935
973
979
1017
1030
1056
1062
1075
1068
1062
1043
1030
1011
992
947
947
928
928
916
928
947
973
1011
1011
1049
1049
1068
1068
1049
1049
1030
1017
998
973
960
935
922
916
941
954
966
998
1017
1049
1056
1075
1056
1068
1049
1049
1024
1011
966
954
947
922
928
916
935
960
973
1011
1017
1056
1049
1068
1056
1062
1049
1030
1005
986
973
947
935
935
916
941
947
992
1005
1037
1037
1062
1075
1075
1062
1049
1037
1011
986
973
947
935
922
916
928
947
960
986
1011
1037
1049
1062
1068
1056
1062
1037
1024
1005
979
966
941
928
916
935
935
973
986
1011
1037
1049
1062
1075
1062
1062
1037
1043
1005

