557.732626561
471.105751278
216.758018166
250.489039981
222.526564388
352.702296629
307.376936212
376.675909322
294.899891693
393.581710878
453.234704926
207.399871234
213.341007345
138.601415712
254.700883168
172.866517125
149.553166121
224.491132046
147.166412566
227.419243703
298.418379474
124.512513768
148.963392021
331.20755966
86.0549195109
142.860634541
233.92553566
278.779394209
245.498561119
247.461844802
292.920781831
325.380701466
330.23733393
119.31038944
253.717197667
138.001157875
279.325932178
218.946508178
227.86691737
165.531077422
191.296384368
230.890970841
277.435314114
178.998939049
285.550707857
147.782391176
89.4411528401
243.677530773
236.201149367
190.635759575
276.928060458
329.720278218
3926.9668438
166.353678539
163.214444973
146.272206634
155.076468415
176.298953866
209.188980683
166.054034615
158.674180985
242.505758855
190.951956649
344.172521104
192.918394667
294.099555939
241.302699757
340.752477764
293.826156749
373.142457672
234.530915778
44.8301983262
225.524789214
216.563207938
234.981304845
208.255690788
160.491715241
136.606924149
540.30385014
300.957538861
289.518846853
272.137495111
242.816802607
208.331072013
157.601589663
210.144691385
252.848822758
504.73480735
455.751112355
328.910383803
407.396698688
458.009381123
321.893030525
196.501369983
481.494022717
369.490190057
289.472552132
574.402026498
554.380584497
478.596460495
588.647696465
672.492495754
912.292133704
1758.06603004
2884.80956174
39194.9727142
2301.36071794
1378.30135291
812.029419933
434.153787155
180.852603911
189.482114109
178.868746978
226.383599787
127.085997811
156.214238471
228.336255498
137.426003729
164.781104474
57.8202245322
108.751652109
56.3333586983
110.267264612
67.7064019819
104.400325602
38.8908684361
168.398117602
382.327184131
32.5391026894
36.7790724185
114.320689187
107.789395189
60.2984439025
62.0612646306
159.035224513
163.021237763
101.341151645
54.7433711898
67.6200812418
71.5679345844
231.61350436
46.1164528454
59.5287977461
132.361009175
176.319870167
134.118562054
130.746406158
159.47067693
108.205468441
67.4319472813
44.1797602103
80.6644147483
92.3331248593
131.169313322
74.1546660596
5.93694816075
94.1168041021
189.446755187
678.809644163
482.922030566
167.221547108
162.296544154
106.985971736
160.006222614
157.806202033
172.815615656
169.617214376
108.495359242
150.773678638
98.1257144471
179.824446852
96.5063268592
8.95607368225
226.842564984
137.039750428
135.187217447
134.166514194
168.126008326
223.317277374
172.341672036
208.729511545
68.9789463812
82.0754107601
89.986779024
86.2359298793
210.659467451
238.350548627
280.669817926
91.7057030467
142.029526221
159.258904638
272.404530806
262.746060632
289.96898361
202.07549251
12.2958503715
206.991640772
236.612647248
66.0958765386

909.0

966
954
966
973
979
986
992
1011
1017
1024
1043
1024
1037
1024
1037
1011
1011
986
986
960
947
954
966
960
973
986
998
1005
1030
1011
1043
1030
1037
1024
1024
1011
998
986
973
960
960
960
973
979
992
992
1017
1011
1037
1030
1043
1037
1030
1017
1011
998
986
973
966
941
966
947
979
966
992
998
1005
1024
1030
1030
1043
1024
1017
1030
1011
998
973
960
973
947
973
973
986
992
1005
1011
1017
1030
1037
1037
1037
1017
1030
998
1005
979
966
954
947
960
966
973
979
986
1011
1011
1030
1030
1037
1024
1037
1024
1024
998
998
966
960
966
960
973
966
992
992
1005
1024
1011
1037
1030
1043
1024
1037
1011
998
992
979
973
947
960
960
960
973
979
1005
992
1024
1017
1037
1037
1024
1030
1017
1017
1005
973
986
954
960
960
979
966
998
992
1024
1024
1024
1037
1037
1030
1037
1017
1011
998
986
960
973
941
954
960
973
973
986
998
1011
1024
1024
1037
1037
1030
1030
1011
1017
992
979
960
966
960
966
973
986
992
1005
1005
1024
1024
1037
1037
1037
1024
1024
998
998
973
973
954
954
960
960
973
986
992
1005
998
1037
1024
1037
1037
1030
1024
1011
998
1005
973
960
954
966
973
979
979
1011
998
1024
1024
1037
1030
1037
1030
1024
1017
1005
986
979
966
947
947
960
960
986
986
998
998
1024
1024
1037
1037
1037
1024
1024
1011
998
973
966
966
960
960
979
979
986
1005
1017
1005
1043
1037
1037
1030
1043
1005
1017
998
1005
1017
998
986
960
973
986
992
998
1017
1017
1030
1030
1030
1037
1024
1024
998
998
973
960
960
960
973
986
986
998
998
1017
1017
1037
1024
1043
1030
1030
1017
998
998
973
960
954
960
954
960
973
986
998
998
1024
1011
1049
1037
1024
1024
1024
1011
998
986
979
954
960
960
979
973
992
998
1011
1024
1024
1037
1037
1043
1030
1024
1005
1005
979
979
966
941
960
947
973
966
992
992
1005
1024
1030
1030
1037
1030
1030
1011
1024
986
979
966
960
954
966
973
986
986
998
1011
1017
1030
1030
1024
1037
1030
1024
998
998
986
960
966
941
954
966
973
973
992
1005
998
1030
1017
1037
1037
1037
1024
1011
1005
992
973
960
960
966
966
973
973
998
998
1024
1011
1037
1024
1037
1037
1030
1005
1011
986
986
960
960
941
960
954
986
973
992
1005
1011
1024
1030
1043
1024
1024
1024
1011
992
973
979
960
960
960
966
979
986
998
1011
1024
1017
1043
1037
1037
1030
1017
1017
992
986
973
960
947
960
960
966
979
986
992
1011
1030
1024
1030
1043
1030
1030
1024
1011
998
973
966
966
960
966
966
986
986
1011
1011
1030
1024
1037
1030
1037
1030
1024
1005
998
979
966
960
960
947
960
966
992
979
1011
1011
1017
1037
1037
1024
1037
1024
1011
1005
998
966
973
947
973
960
979
992
998
1005
1017
1024
1024
1037
1037
1024
1024
1017
1005
986
979
954
947
954
966
973
973
986
998
1005
1024
1024
1037
1030
1030
1024
1030
998
998
973
973
960
947
973
973
979
992
998
1011
1017
1030
1030
1043
1024
1037
1011
1017
992
986
960
960
960
947
960
966
966
998
986
1024
1011
1030
1030
1037
1024
1024
1011
1011
998
973
960
960
960
973
960
998
986
1005
1011
1024
1030
1030
1030
1037
1024
1011
1005
992
986
960
941
960
954
960
973
986
986
998
1011
1024
1037
1030
1030
1037
1017
1017
998
986
973
960
947
973
973
966
992
998
1011
1011
1024
1037
1037
1037
1024
1030
1011
1005
986
979
966
947
954
966
960
973
986
998
998
1024
1024
1037
1030
1030
1024
1017
1017
998
973
973
960
960
960
973
979
992
998
1024
1011
1037
1024
1043
1030
1037
1017
1005
1011
973
973
966
947
954
947
973
973
986
998
1011
1024
1024
1043
1043
1024
1030
1017
1011
998
979
954
973
947
979
966
986
998
998
1011
1024
1024
1043
1030
1037
1024
1017
998
1005
973
960
960
954
947
966
966
979
998
998
1005
1030
1017
1043
1024
1037
1011
1024
998
998
966
954
966
966
966
979
973
998
1005
1017
1011
1037
1037
1037
1024
1037
1011
998
992
979
960
960
947
954
960
979
973
1005
992
1024
1024
1037
1037
1030
1017
1030
1017
998
986
973
954
954
966
973
979
986
998
1011
1024
1024
1024
1049
1030
1030
1024
1011
998
992
966
973
935
966
954
960
979
979
998
1005
1024
1030
1024
1043
1030
1017
1024
1011
992
986
973
960
947
973
973
986
986
998
1011
1024
1024
1037
1024
1049
1024
1024
998
998
986
973
960
954
954
960
973
986
979
1011
1005
1030
1030
1037
1037
1037
1024
1017
1011
992
973
966
960
966
966
979
986
998
1005
1017
1017
1030
1037
1037
1037
1030
1017
998
992
992
954
947
954
966
960
979
986
998
998
1024
1024
1037
1037
1037
1024
1024
1011
998
986
986
947
960
966
973
979
986
998
1017
1030
1024
1030
1043
1030
1030
1024
1011
992
992
973
960
947
960
947
954
979
992
998
1005
1024
1024
1024
1049
1024
1030
1024
1017
998
979
979
954
954
973
966
992
986
998
1011
1024
1024
1030
1030
1049
1030
1017
1005
1005
986
973
960
947
947
973
966
986
979
1011
998
1024
1030
1043
1037
1024
1024
1017
1005
998
973
960
960
966
966
986
979
986
1011
1017
1024
1030
1037
1037
1030
1037
1011
1005
992
986
960
954
960
960
960
966
986
998
1011
1011
1024
1030
1043
1024
1024
1024
1005
1005
986
973
960
954
973
973
979
992
1005
1011
1017
1030
1024
1049
1024
1049
1011
1017
998
992
973
960
954
954
960
966
979
986
998
1005
1024
1037
1024
1049
1030
1024
1024
1011
998
973
973
960
960
973
960
998
986
1011
1011
1017
1030
1037
1037
1037
1037
1011
1005
998
979
973
947
960
947
966
966
979
992
1011
1011
1024
1030
1037
1024
1043
1024
1011
998
998
973
960
954
979
960
973
998
986
1011
1017
1017
1037
1030
1030
1037
1024
1011
1011
986
986
960
947
954
954
973
973
986
998
1005
1017
1017
1043
1037
1037
1017
1024
998
1011
979
973
960
954
979
973
979
992
998
1011
1011
1037
1030
1043
1037
1037
1024
1011
998
986
973
960
947
960
960
973
960
992
992
1011
1030
1030
1030
1043
1037
1024
1024
1011
998
973
973
960
954
973
966
992
986
1005
1005
1030
1030
1024
1043
1037
1024
1024
1005
1005
979
973
960
954
954
960
973
986
998
1005
1011
1017
1043
1037
1030
1037
1024
1017
1005
998
979
960
960
973
966
979
986
998
1011
1024
1011
1037
1037
1037
1037
1030
1017
1005
992
979
966
947
954
960
966
973
986
998
998
1024
1030
1037
1030
1037
1024
1017
1017
998
986
973
960
966
960
979
973
992
992
1024
1017
1030
1037
1037
1037
1024
1024
1017
1005
986
960
966
947
966
947
973
973
998
998
1011
1024
1030
1030
1037
1030
1030
1011
1024
986
986
954
966
960
960
986
986
992
998
1017
1017
1024
1043
1024
1049
1024
1024
998
998
986
954
966
954
954
966
973
986
986
1005
1011
1030
1017
1049
1024
1037
1024
1024
998
998
973
960
960
973
973
973
986
998
998
1017
1017
1037
1037
1037
1024
1030
1017
998
998
979
954
960
947
973
960
973
986
1005
1005
1017
1030
1037
1037
1030
1024
1024
1011
998
979
973
960
960
960
979
979
998
998
1011
1017
1030
1037
1037
1043
1043
1011
1017
992
992
966
960
960
947
960
973
979
992
998
1011
1024
1024
1037
1049
1017
1030
1011
1011
998
979
966
960
966
966
979
992
986
1011
998
1030
1017
1049
1030
1037
1030
1011
1011
998
986
960
947
960
947
973
960
992
992
1011
1011
1024
1030
1030
1030
1030
1024
1017
1005
992
966
966
954
973
960
986
986
998
1005
1017
1024
1030
1043
1037
1037
1017
1017
998
986
979
966
954
954
960
960
973
992
992
1011
1017
1024
1043
1037
1030
1017
1024
1011
998
979
979
960
960
966
979
973
998
998
1011
1024
1030
1030
1037
1037
1037
1017
1017
998
986
973
960
954
954
960
973
973
998
992
1017
1024
1037
1024
1043
1030
1024
1024
1011
998
966
979
960
954
979
960
992
992
998
1011
1024
1037
1030
1037
1037
1037
1024
1005
998
986
966
947
966
947
966
966
986
998
1011
1011
1024
1037
1037
1030
1030
1024
1024
992
998
973
966
954
973
966
986
986
998
1005
1017
1017
1043
1037
1037
1024
1037
998
1011
986
986
960
947
947
960
973
973
979
998
1005
1024
1024
1037
1037
1024
1024
1024
1005
1005
979
979
960
947
973
973
973
998
992
1017
1011
1030
1037
1043
1037
1024
1030
1017
998
979
973
966
935
960
960
966
973
992
998
1011
1017
1030
1037
1037
1037
1017
1024
1017
998
986
954
966
960
966
966
986
998
998
1011
1024
1024
1037
1037
1037
1037
1017
992
1005
979
973
960
947
947
966
973
979
986
1011
1005
1030
1024
1037
1030
1037
1017
1017
998
998
979
960
960
960
973
973
973
998
1011
1005
1017
1037
1030
1043
1024
1037
1011
1005
992
986
960
954
947
966
960
973
979
992
1011
1017
1024
1030
1037
1037
1024
1024
1011
998
986
979
960
966
954
979
973
998
998
1011
1024
1024
1037
1037
1037
1037
1024
1011
998
986
973
966
941
960
960
960
986
986
998
1011
1024
1024
1037
1043
1030
1024
1017
1017
998
973
973
966
954
973
973
979
998
998
1011
1030
1024
1043
1030
1037
1024
1024
1005
998
986
966
960
947
960
960
973
986
986
1011
1005
1030
1024
1030
1030
1037
1024
1011
1005
992
973
966
960
966
973
973
986
998
1005
1017
1024
1030
1037
1037
1037
1017
1024
998
986
986
960
960
947
960
960
973
992
1005
998
1024
1017
1043
1037
1037
1017
1024
1005
1011
973
973
960
960
960
973
986
986
998
1011
1024
1024
1037
1037
1037
1037
1017
1017
998
986
973
960
947
960
960
960
986
986
998
1011
1024
1037
1024
1043
1024
1030
1017
1017
992
979
960
973
960
966
973
986
992
998
1011
1030
1024
1043
1030
1043
1017
1024
1005
998
986
960
960
960
947
973
960
998
986
1011
1011
1024
1030
1037
1037
1030
1024
1011
1011
986
973
966
954
973
960
986
979
992
1011
1011
1030
1030
1037
1037
1037
1030
1005
1011
986
992
954
954
954
960
966
973
992
998
1005
1017
1024
1037
1037
1030
1017
1030
1005
1011
966
979
960
954
966
973
986
998
998
1011
1017
1030
1030
1043
1030
1037
1024
1005
998
986
973
954
947
966
947
966
979
992
992
1017
1017
1030
1030
1049
1024
1037
1011
1011
998
986
960
973
954
966
973
986
986
1011
1005
1030
1030
1024
1049
1037
1030
1011
1005
992
986
973
954
954
960
960
973
979
992
998
1011
1024
1037
1037
1024
1037
1024
1024
998
998
966

