776.02444069
329.072932806
353.64170747
470.80094372
632.933343646
280.313095769
174.477354177
477.449400277
190.897088666
186.632569487
437.623438096
100.165381393
288.660074907
587.180360797
611.447663991
110.586137151
879.71241828
144.193632173
196.961598076
292.82190901
150.449759818
88.6704784438
515.120429534
477.271355697
525.513403077
725.115156999
141.630954968
360.670733109
459.451374973
505.993093338
489.521925783
689.450030675
668.843378535
275.119715698
406.632455638
140.118956215
925.59322307
728.442249985
475.700247728
523.740501474
271.891584761
732.587587357
604.589696886
674.807683556
441.002730078
505.172343409
673.831511973
657.782261646
545.417238201
496.212688491
876.85474068
949.504077366
1697.10546666
1308.58676265
1426.60283522
839.534242815
1152.55840362
321.070294301
1316.1020047
1414.2621126
796.721579111
676.655710528
574.816968671
649.566960822
1716.02478237
2657.29870864
912.15409975
2058.32306965
880.1139292
2107.25693095
1056.29785154
794.175504314
955.682673931
811.27044461
3291.83562963
1968.63061675
2397.42134208
1338.37905076
1124.18530943
1859.78112915
3078.24767425
1871.59484004
1135.11888232
1976.52809451
3841.49416881
1611.37512081
116.157262949
1314.4947467
2569.47289384
1685.00378245
1162.13978277
2085.41695783
1498.03806224
1669.03856877
967.390458288
1692.43446206
1064.07189412
917.149131644
1489.00875319

916.0

1011
986
1005
979
992
992
992
986
998
1005
1005
998
1017
1017
1005
1011
1005
1011
992
992
986
986
986
979
979
986
973
986
992
992
1011
1011
1011
1017
1017
1011
1011
1011
998
998
998
986
966
992
979
979
979
992
986
998
998
1005
1005
998
998
998
1005
1005
986
998
998
998
998
992
1005
998
992
1011
1005
998
998
998
1005
998
992
1011
998
992
992
986
998
986
986
998
986
998
992
998
1005
998
1005
998
1005
1005
1017
998
1011
998
998
998
998
998
992
992
986
986
992
992
1005
998
1005
998
1011
998
998
998
992
1005
998
992
1005
998
992
992
998
992
1005
998
998
998
992
1005
998
998
998
998
992
1011
986
1017
998
998
998
998
1005
1005
998
998
998
986
992
986
992
998
986
986
998
992
1005
998
1017
1005
1011
1005
1017
998
1011
998
1005
1005
986
1005
998
986
992
998
998
998
998
998
998
998
986
1005
1005
998
998
1005
1017
1005
1017
1011
1005
1005
1011
1011
1011
998
986
998
986
998
973
986
986
986
986
998
1011
998
1005
998
1017
1011
1005
1005
1005
1005
992
992
998
992
992
998
992
992
998
998
998
998
992
992
998
998
986
998
998
992
998
1005
998
1005
1005
1011
998
998
998
1011
1011
998
998
998
998
986
998
986
992
986
992
998
1005
1005
1011
1005
1005
1011
1011
1011
1011
1011
998
998
998
1011
992
992
986
998
992
992
998
992
992
986
986
992
992
998
998
1005
1005
1011
1011
1011
1005
998
998
1005
998
998
998
998
992
992
998
998
986
998
998
998
998
998
1011
992
1011
1005
1011
1005
1017
1005
1011
1005
992
1005
1005
1005
992
992
992
1005
986
998
998
998
998
1005
1011
1005
998
1005
1005
992
992
992
992
998
986
992
998
992
998
998
1011
998
998
992
1024
1005
1011
998
1005
1005
992
1005
986
998
986
992
1005
998
986
998
998
998
992
992
1011
998
998
992
998
1005
1011
1005
1011
1005
1011
1011
1011
1011
1011
998
1005
1005
986
998
986
986
992
992
986
979
998
992
998
986
998
992
1005
1005
1005
998
1011
1005
1011
998
1005
998
998
998
1005
1005
1005
1005
998
998
998
998
1011
1005
1005
998
998
1005
1005
992
1005
992
1005
998
998
998
998
998
1011
998
1011
1011
1011
1011
1011
1011
1011
1005
1005
998
1011
986
986
986
986
973
986
973
986
1005
986
998
998
1005
1011
1011
1011
998
1005
992
998
986
998
986
998
986
992
992
998
986
998
998
998
998
1011
1011
1024
1011
1024
1011
1017
1011
1005
998
998
998
986
986
979
979
986
973
986
986
973
986
998
992
1011
1005
1011
1011
1011
1011
1005
1017
998
1011
1005
998
1005
998
1005
1005
998
992
1005
998
998
992
1005
986
998
986
998
986
1005
992
1005
992
998
992
1011
1005
986
998
992
992
992
986
1005
986
1011
998
1017
1011
1011
1017
1005
1017
1011
1005
1011
1005
986
986
986
979
979
979
979
979
979
992
992
998
986
998
1005
1005
1005
1011
1005
1011
1005
1005
1011
998
998
998
998
986
998
992
992
986
986
992
992
986
998
979
992
998
992
1011
1005
998
992
998
1005
998
998
998
998
998
1005
1005
998
1005
1005
1005
1017
1011
1011
1011
1011
1011
1011
992
1005
998
1005
992
998
986
998
992
992
998
998
986
998
1011
986
998
998
998
998
992
998
998
998
1005
998
1011
1011
1011
1011
1011
1005
998
1005
998
1011
986
998
998
986
998
992
992
998
998
1005
1005
992
1017
1005
998
992
998
998
998
992
992
998
998
1005
1005
998
998
1011
998
1024
998
1005
992
1011
998
998
998
998
992
992
998
998
1005
1005
1005
1005
998
998
998
998
1011
998
992
992
986
986
986
998
986
986
986
998
992
1005
998
1011
998
998
998
1011
1011
1005
998
1005
998
992
1005
992
992
992
986
998
992
992
992
998
992
992
998
998
1005
1005
998
1011
998
1011
1005
1011
998
992
998
1011
992
986
992
992
992
986
998
998
998
998
998
998
998
998
998
998
1005
1005
998
1011
1024
1005
1005
1011
1011
1005
998
1005
986
992
992
979
979
986
979
986
1005
979
1017
1005
1005
1011
1011
1011
1005
1011
1005
998
986
986
986
998
986
986
986
998
986
1011
986
1005
992
998
998
998
998
998
998
1024
1011
1011
1011
1017
1024
1017
998
1011
1011
998
986
986
986
979
979
986
979
979
973
998
998
1011
998
1005
1017
1011
1011
1017
1005
1011
992
1011
992
986
992
992
986
998
992
992
1005
1005
992
998
998
1017
998
1011
998
998
992
1011
992
998
986
998
992
992
998
998
998
1011
1011
998
1024
1011
1011
1011
998
998
998
998
986
986
986
979
979
966
992
986
986
992
992
998
998
1011
1005
1011
1011
1005
1011
1011
1011
1011
986
1011
1011
992
1005
998
998
986
992
998
992
986
973
998
992
992
998
998
992
1005
986
1011
992
1005
998
1011
1011
1017
1017
1024
1017
1005
1011
1011
1005
1005
992
992
979
979
979
979
979
966
992
986
992
986
998
1011
1011
1011
998
1011
1005
1005
1011
1011
998
1017
1005
1011
1011
1005
998
1005
1011
979
992
986
986
986
986
986
986
998
998
1011
998
1011
1005
1017
1011
1011
1011
1005
1005
998
998
986
979
979
998
986
998
998
998
1005
1005
1011
1011
1011
992
1011
1005
998
998
992
992
998
986
992
992
1011
992
998
992
998
998
1011
986
992
992
992
992
998
998
986
992
992
998
986
998
998
998
998
998
1011
1005
1011
992
1005
1005
992
998
992
992
986
979
992
979
992
986
1005
998
998
1011
1011
1011
1011
1011
1011
1017
998
1005
1005
998
992
992
998
992
986
986
986
986
986
986
992
992
992
1005
1011
1017
1030
1024
1037
1024
1024
1024
1024
1017
1005
986
998
979
966
979
960
973
966
966
979
986
986
986
998
998
1011
1005
1011
1017
1017
1011
1030
1017
1030
1011
1024
998
1011
998
998
986
986
966
992
973
973
986
973
986
979
992
998
1011
1005
1017
1017
1017
1030
1024
1030
1017
1017
1011
1005
992
998
973
986
973
960
973
979
979
973
986
998
986
998
998
1011
992
1011
1005
1005
1005
1005
1005
998
998
992
986
1005
992
992
986
986
998
992
992
998
998
998
998
998
1011
998
998
998
1005
992
1011
992
998
992
992
992
998
998
998
992
1005
986
1005
998
998
979
998
992
992
998
986
992
992
992
1005
998
998
998
998
1005
1005
998
1005
1005
1005
998
1005
998
1011
1005
998
1017
998
1011
1011
1011
998
1005
992
998
998
998
986
998
986
998
998
998
998
998
998
998
998
986
986
998
986
986
986
998
992
992
998
998
998
998
998
998
1011
998
998
998
998
992
992
998
998
986
986
986
986
992
992
992
998
992
998
1005
992
998
998
998
998
986
992
992
998
998
998
998
998
998
986
998
998
986
998
998
998
998
998
1005
1011
998
998
1005
998
998
998
1005
992
998
998
992
986
979
992
986
1017
998
1024
1024
1024
1024
1017
1024
1011
1017
998
1005
992
986
979
973
992
979
979
979
992
986
998
998
998
1011
1011
1011
1011
1011
1011
1011
1011
986
992
992
992
979
973
979
992
986
998
1005
1005
1011
1024
1024
1017
1024
1011
1017
1011
998
1011
986
998
986
986
998
986
986
986
986
998
998
998
1005
1005
998
998
998
998
998
998
998
1011
998
1011
1017
1017
1011
998
1011
1011
992
998
998
992
986
979
992
986
979
979
986
986
986
998
998
998
998
998
1011
998
1005
992
998
998
986
986
986
992
992
986
998
998
998
998
1005
992
1011
998
1017
998
1017
998
1005
1005
998
1005
1005
1005
1005
998
1005
1011
1005
1005
1005
1005
998
992
992
992
986
986
986
986
986
986
998
986
998
992
1005
1011
992
1005
1005
1005
998
1005
1017
1005
1017
992
1024
1005
1011
998
1005
992
986
992
992
973
986
973
986
986
979
992
986
998
998
998
998
1011
1011
998
1017
1017
1011
1011
1011
1011
1011
1011
1011
1011
1005
992
1005
992
986
992
986
986
979
979
979
986
973
998
998
998
1005
1005
998
1024
998
998
998
992
992
992
992
992
992
979
992
986
998
998
998
998
992
1011
1017
1011
1024
1011
1024
1024
1011
1011
998
998
992
986
986
979
986
973
973
973
973
986
986
998
986
992
1005
998
1017
1005
1011
1005
1011
1005
1005
992
992
973
992
986
973
986
979
979
998
998
1011
1005
1017
1017
1030
1024
1024
1011
1024
1005
998
986
992
973
973
973
973
973
973
973
986
986
986
992
1005
1005
1005
1011
1024
1011
1005
1017
998
1011
998
1011
992
992
986
998
986
986
986
973
992
992
986
998
992
992
998
992
1005
998
998
1005
1005
1011
998
1011
992
1017
998
998
1011
1005
1005
998
1005
992
1011
998
998
998
998
986
998
992
1005
986
998
992
992
992
992
998
986
998
998
998
998
1005
1005
992
1005
979
1005
986
998
992
1005
998
1011
998
1005
1005
1011
998
1011
1005
998
998
992
998
986
986
998
986
986
986
998
998
986
998
998
998
998
998
1011
1011
992
1011
1005
1005
1005
998
998
998
998
986
998
992
998
992
1005
992
986
998
998
998
1005
998
1005
1005
992
1011
998
986
998
998
1011
998
998
998
998
998
986
998
998
986
992
979
998
992
998
992
1011
992
1005
998
1011
1011
998
992
1005
1011
998
1005
998
1005
992
1011
998
992
998
992
992
998
986
998
998
1005
992
998
1011
992
1005
986
998
998
992
992
998
998
998
986
1005
1005
986
998
998
998
998
998
1005
1005
1011
1011
1024
1011
1011
1011
1005
1005
998
979
992
986
986
973
986
973
986
979
1005
986
1011
1005
1005
1011
1005
1017
998
1011
992
992
998
1005
986
992
979
986
992
992
1005
998
998
998
1011
1011
1011
1011
1011
1011
1011
998
1011
992
992
986
998
986
986
986
998
986
992
992
998
998
992
998
998
1005
998
998
1011
1011
998
998
1011
998
998
998
998
986
998
986
998
998
986
998
998
1011
998
1011
1011
1011
1005
1005
998
1011
992
992
998
986
992
992
986
992
986
992
992
1005
998
998
998
998
992
992
1011
1011
1011
1011
1024
1024
1024
1024
1024
1005
1011
1005
998
992
979
979
966
973
966
973
979
973
973
979
992
998
998
998
1005
1005
998
1011
1005
998
1005
992
1005
998
986
998
986
986
992
986
992
992
986
986
992
986
986
998
986
986
998
1011
1017
998
1011
992

