1539.36745861
546.452712071
727.002978523
435.881098083
1742.72162134
482.396635009
1586.18537887
767.350144166
602.220731562
829.009176649
1101.50659867
1915.41589827
511.707089791
1457.74288088
802.156771989
1197.59256718
1236.36843767
807.985177112
1515.59069691
901.942610037
1194.47174957
1022.23133961
1232.82527267
780.564049084
1038.35258951
857.973168185
1189.84054882
308.088248672
972.318882475
343.49324207
645.337354662
840.111533822
341.27088086
627.323220098
686.836094077
876.672104372
201.264330967
388.535662086
749.697601971
946.115658953
543.677018931
1394.52282226
1021.49083667
523.336183868
1142.61091672
2273.43125839
268.710551952
1087.05139749
893.47161539
2168.40771004
761.024764295
366.419415706
500.416423266
1184.51133393
1205.74074156
371.155419072
1849.10691995
473.979602531
975.044345159
203.201829014
2376.64096134
540.192880241
862.023232696
1350.90530287
1314.85430065
3098.33862492
1626.55957663
1959.39732797
2804.08155111
1756.92845881
2299.86897066
3576.77846024
1200.87010604
2043.38567958
3890.65995204
3579.21041993
1118.3577691
2842.05670123
3718.22702398
2327.16753357
560.07818263
6652.55120817
4602.91704855
3206.66838903
1186.75715632
6821.03416912
403.13436375
1868.79721364
3297.05002895
2032.40325602
1553.32407878
2313.28740546
3169.9429351
3798.48711204
5874.62957001
2187.81621026
98.5817325126
3770.9538239
2151.13641404

890.0

1011
1011
998
998
1011
1011
986
1011
992
1005
973
998
986
998
998
998
992
1005
992
1017
1005
1005
986
1005
998
992
973
973
960
947
960
960
954
954
947
960
973
973
992
1005
1011
1017
998
1024
1030
1030
1005
1024
1005
998
966
973
960
954
941
960
954
954
960
973
998
992
1005
1017
1030
1030
1024
1062
1030
1037
1030
1017
1024
992
966
986
973
954
954
947
960
954
966
966
1005
986
1011
1024
1024
1024
1024
1024
1030
998
1024
998
1005
986
986
973
986
966
979
986
979
979
979
992
998
1005
998
1005
992
998
979
998
998
1011
979
998
998
1017
998
1017
1024
1011
1030
1017
1030
1017
1005
1005
1005
1005
998
992
973
986
973
986
986
986
986
992
992
998
1005
1005
1017
1024
1011
1017
1024
1024
1017
1005
1011
998
992
992
998
986
986
986
986
986
986
998
992
986
992
992
1017
998
1005
1005
1011
1011
998
1011
998
1005
986
998
992
998
986
986
998
992
979
998
986
986
979
1005
998
1005
992
1017
1011
1005
1011
1005
1011
1005
998
992
979
986
966
992
986
973
986
992
1005
998
1011
992
1011
1017
1011
1017
1017
998
998
992
1011
992
998
992
992
979
973
992
986
979
973
986
992
998
998
998
998
1011
1005
1017
1011
998
998
998
998
973
992
979
986
986
973
979
986
986
992
998
1011
1011
992
1017
1011
1011
998
1005
998
992
998
986
986
986
966
992
986
992
992
998
1011
1011
1024
1024
1037
1024
1024
1030
1030
1017
1017
1005
998
992
986
986
986
992
986
979
998
986
998
1005
1011
1005
986
1005
1005
1005
992
998
1005
992
1011
1011
1011
998
998
1011
1011
1011
1011
1005
992
998
986
986
979
966
979
966
973
973
973
979
992
986
986
1011
1017
1017
1037
1011
1030
1017
1037
1017
1030
1005
992
973
986
960
960
947
947
947
941
954
973
966
986
992
1005
992
1024
1024
1030
1024
1017
1011
1037
1011
1011
986
998
979
992
979
979
973
973
986
979
1005
992
1005
1030
1024
1017
1043
1043
1030
1030
1011
998
986
986
973
954
947
941
973
973
979
979
986
1011
1011
1024
1030
1030
1024
1011
1011
998
998
973
973
973
966
941
966
979
966
966
979
979
998
986
1011
1005
1017
998
1011
1024
1011
1005
998
1005
992
992
992
998
992
973
986
979
992
973
979
973
979
960
986
986
998
986
1011
1011
1005
1011
1011
1005
1011
998
998
998
1011
986
979
992
986
998
986
998
998
986
1011
1005
1017
1005
1011
1011
1005
986
1005
1005
998
973
998
998
998
998
998
1005
992
986
986
979
979
979
979
973
979
986
992
1011
986
1011
1005
1017
1011
1037
1011
1017
1017
998
1024
1011
998
998
986
998
986
992
986
992
992
1005
998
1011
1011
1024
1017
1024
1017
1024
1011
1030
1011
1005
998
986
986
986
986
986
966
966
1005
992
1005
1005
998
1011
992
1011
1005
998
1011
998
1011
1024
1011
1011
1005
1005
998
998
992
1005
986
986
986
979
986
979
986
986
998
992
1017
1005
1030
1017
1017
1024
1024
1005
1017
998
1005
979
986
973
986
960
966
966
973
979
998
992
998
998
1024
998
1011
998
1017
1005
1011
986
1005
1005
1005
992
998
986
1011
986
1011
998
1011
992
1017
1011
1011
992
1017
1005
1005
998
998
986
986
966
979
986
979
979
973
986
986
998
986
1005
998
1017
1011
1030
1017
1037
1024
1037
1017
1024
1005
1011
1005
992
998
986
966
979
973
986
973
960
973
960
986
986
986
998
998
986
1011
1005
1011
1005
1011
1024
1024
1011
1024
1005
1011
998
1005
986
992
992
986
998
986
998
986
1005
992
998
1005
998
1017
1011
1024
1011
1024
998
1017
1024
1005
1005
992
1005
979
986
986
998
973
998
973
998
992
992
986
998
998
1011
998
1011
1011
1005
1005
1011
1011
998
998
998
998
986
998
992
992
998
1011
998
998
992
1011
1005
998
979
992
986
998
986
986
998
986
998
998
998
998
986
998
986
998
973
998
986
998
973
998
998
1011
1005
1017
1011
1024
1011
1017
1017
1005
1011
1005
1011
1011
998
1011
998
986
986
992
986
966
973
966
973
979
966
1005
986
1011
979
1030
1024
1024
1005
1017
1011
998
998
998
992
992
960
986
998
986
986
986
998
998
998
998
1011
1011
1005
1017
1017
1024
1017
1024
1024
1024
1011
1011
1011
1005
992
1011
992
992
992
992
998
998
986
979
979
986
973
986
986
986
1011
998
1011
1011
1011
1011
1017
1011
1017
1011
1017
992
992
992
998
973
986
973
973
973
973
992
992
998
986
979
1017
1011
1017
1017
1005
1011
1011
1017
1011
998
986
986
986
986
986
960
979
973
966
979
1005
986
986
986
1011
998
1030
1017
1024
1024
1024
1017
1030
1011
1024
998
998
986
986
966
1005
966
973
979
986
986
992
1005
998
1011
998
1011
1011
1024
1005
1005
1011
1011
998
1011
998
998
998
998
992
1005
992
992
992
1005
986
1005
1005
998
998
998
998
1005
1005
998
998
1011
986
1011
1011
998
998
992
1017
998
998
998
1011
1005
1005
998
1017
1017
1011
1011
1011
1011
1024
1011
1005
1005
1005
1005
998
986
986
973
986
979
979
986
998
986
1011
998
1011
992
1030
1017
1030
1017
1030
1017
1030
1011
1011
992
1005
973
998
966
992
960
973
986
979
992
986
998
992
1011
1024
1017
1030
1017
1024
1024
1011
1011
1011
992
998
992
979
979
973
966
979
960
986
986
998
986
1011
1005
1017
998
1024
1017
1017
1024
1024
1024
1011
1024
1017
1011
1005
998
998
986
986
986
979
986
979
986
998
992
1005
1011
1011
1017
1024
1030
1030
1017
1011
1011
1011
1011
998
998
998
986
973
992
979
979
973
973
992
998
986
1011
1011
1011
1011
1011
1024
1024
998
998
1011
998
1011
992
986
1005
986
1005
1005
998
998
1011
1005
1005
1005
1017
1011
1011
998
1005
998
1005
986
998
992
992
992
1005
992
998
998
992
1011
1005
1011
1017
1011
1017
1005
1017
1017
1011
998
1011
998
992
979
998
998
992
992
998
992
998
998
1011
1005
998
1005
1011
1005
1011
1011
998
1011
986
1005
1005
992
992
986
992
992
998
998
1005
998
1011
1005
1011
1017
1005
1011
1005
1005
1011
998
998
998
986
986
979
992
986
998
973
998
986
992
979
998
973
979
979
986
973
973
973
986
973
966
979
998
986
1011
992
1017
998
1005
1005
1011
998
986
1005
1005
986
979
979
986
973
979
979
986
986
986
1005
1017
1011
1024
1005
1005
1011
973
998
1005
979
979
973
979
973
973
986
979
992
973
998
998
1011
998
1024
1011
1011
1011
1017
1030
1024
1011
998
1011
998
992
992
986
986
973
986
998
979
992
986
998
998
998
998
1005
992
998
998
1005
992
998
986
998
986
986
973
1005
979
992
992
998
992
1017
998
1011
1011
998
1011
1017
1005
1005
998
992
986
979
992
986
986
986
998
1005
1005
998
1005
1011
1005
1005
998
998
992
998
992
992
986
979
1005
998
998
979
1017
1005
1017
1011
1011
1030
1017
1024
1024
1011
1011
998
986
992
992
973
986
986
986
992
1005
1005
1005
998
1024
998
1011
998
998
998
992
979
986
992
986
992
998
1005
998
1005
1011
1024
1005
1005
1011
1011
998
998
1005
992
998
992
992
986
998
986
998
1011
986
998
998
1005
1005
998
1011
998
1011
992
1017
1017
1005
1011
998
998
998
1011
998
1024
998
1011
1011
1017
1005
1024
998
1017
1005
998
998
998
998
998
998
1011
992
1005
992
1005
986
998
973
979
979
986
998
998
1005
1005
1011
1030
1017
1030
1017
1024
1011
1024
1005
1005
992
979
986
979
966
960
960
973
973
960
986
998
986
992
992
1011
1017
1030
1011
1030
1030
1017
1024
1024
1011
998
986
1005
973
960
954
966
960
960
954
966
973
986
986
986
1011
1005
1030
1037
1024
1024
1037
1037
1037
1011
1011
1005
998
998
998
992
979
992
986
998
973
986
986
998
986
998
998
1011
1005
1017
1011
1024
1017
1011
1017
1011
1024
998
998
998
998
979
992
973
979
973
992
986
998
998
998
1011
1011
1024
1011
1011
998
1005
992
998
986
986
979
979
973
973
986
986
979
992
986
992
992
986
979
1005
1005
992
1005
1011
1005
998
986
998
992
998
992
998
986
986
986
998
998
986
986
1011
986
992
986
1005
998
998
998
1005
1005
986
1011
998
1011
979
992
998
998
986
986
998
986
998
992
1005
998
998
998
998
1005
992
1005
1005
1011
986
1011
992
1017
998
998
992
992
986
998
979
1005
986
1011
1011
1017
1005
1017
1017
1017
1017
1017
1005
998
992
992
998
998
986
992
986
992
986
1011
1011
1011
1011
1005
1011
1005
1011
1011
1024
1005
1017
1005
1011
1005
998
998
998
998
998
998
992
998
992
986
998
998
1011
1005
1017
1017
1005
1011
1024
1011
1011
1011
1011
986
998
986
992
979
979
979
998
973
998
986
1005
992
1011
1011
1024
1024
1024
1011
1024
1017
1017
992
1005
979
979
979
979
979
979
986
979
979
986
986
998
998
986
998
998
1011
1005
1011
1005
998
986
1011
986
998
986
998
973
986
998
992
992
998
986
1011
1017
1017
1024
1017
1024
1017
998
986
973
973
947
960
960
960
947
954
979
973
992
998
1011
1011
1017
1024
1024
1017
1017
1017
1011
1005
992
992
986
992
979
986
986
998
998
998
1011
1011
1024
1017
1030
1024
1024
1024
1030
1005
1017
1011
1005
986
998
986
986
986
973
973
973
973
973
986
986
992
998
998
1005
998
998
1011
1011
1011
1011
1017
1017
1011
992
1017
1011
992
1005
998
998
992
998
1005
998
986
992
992
986
986
960
986
979
973
979
992
998
998
992
1011
1005
998
992
1011
1017
1017
992
998
1005
986
979
992
992
986
986
992
998
998
986
998
992
1005
992
1005
1011
1011
1011
1005
1017
1011
1024
998
1024
998
1005
1005
1011
998
998
986
1005
992
998
998
998
998
992
992
992
986
979
986
986
986
992
1005
998
998
1005
1017
1011
1017
1011
1017
1011
1005
1005
998
998
979
979
973
979
966
973
979
992
973
979
979
1011
1005
1005
998
1005
1011
1005
1024
1011
998
998
1005
992
986
966
979
986
973
947
973
973
960
973
973
973
973
998
992
1017
1005
1005
1011
1011
1024
1024
1024
1024
1011
1011
1005
998
979
986
973
992
979
986
986
998
986
998
1011
1011
1011
1011
1011
1011
998
998
998
986
986
986
986
986
986
992
992
1011
1011
1005
1030
1024
1030
1017
1017
1017
1005
1005
1011
1011
998
986
986
992
992
992
992
986
986
1005
992

