764.301822885
273.892604204
216.60058601
87.7617969367
124.046060657
305.979639777
31.0934468441
263.55419761
49.2967783341
70.4578655905
328.638554094
265.023157913
166.099170339
204.315107801
217.234666929
140.297175636
279.678592381
218.479346884
262.079954839
171.355571783
99.5306880073
156.067046955
219.626304893
149.057897446
223.630472187
46.5337868548
164.009687289
204.988155204
256.519878769
180.875454099
57.5625372821
307.96209419
235.75568808
103.674363526
187.406411327
138.945207894
145.463821296
187.323588105
165.824216151
102.077561515
88.5339079608
186.534173629
133.660076035
134.291072838
232.160713684
131.287336283
101.178337303
221.097994266
155.367918729
203.232528871
222.128719815
179.489912336
128.017482037
121.411822814
96.8621120813
144.175859404
142.144923059
210.960267298
135.620708643
268.700730199
69.5236397917
194.234753
146.242614063
371.217404605
46.6703230909
162.568920859
169.808964439
167.708695482
182.914025241
99.2943554853
139.943011348
171.709623181
335.84378506
202.169196578
53.3185138444
95.5678354177
178.408402392
264.680239365
311.885353458
137.646823573
329.169197965
213.057855544
85.2436129884
385.961184917
535.308814635
141.180483716
295.516306163
342.052789005
105.612583366
638.436249929
270.909761418
672.591069051
461.833398874
1077.30187564
1108.20238426
119808.338896
1468.69624106
809.821480493
478.742005355
987.193963609
514.980266054
515.984658816
309.510880418
275.494533051
187.760660907
247.455997068
289.526992158
231.104702741
126.237973013
106.78059229
130.013167239
324.030787805
71.0256486649
76.8402347726
149.633293528
274.197996933
335.900821518
161.862335093
171.395405556
166.561821231
138.873126899
132.566544883
196.699847779
161.902738611
144.584524507
232.629672417
200.546694607
300.334058927
56.7227074183
151.432458406
196.591295075
58.1808934492
135.873873873
120.472927412
227.940806006
242.415982873
129.075216087
163.843559524
175.889451258
176.98910252
159.41442256
115.419644714
175.685116766
112.659575765
192.508073458
141.583086963
215.414168164
118.372352592
159.024806339
127.216215018
177.082995179
223.257566211
160.019964561
209.731291508
108.00049491
113.90712577
61.0063243175
248.414504761
151.106716923
421.050677881
94.6753519305
74.2498554626
171.131225222
200.377836743
227.451373287
69.3172675065
145.900104856
182.404883521
100.886745029
42.0760899466
146.293968663
72.1125021746
187.16538163
115.235882728
173.122766903
150.648986641
92.4790634698
71.4618941308
80.3618496162
201.616770824
239.358797
228.812284482
176.77060417
103.918435963
92.625308898
131.780128585
196.691502644
215.135349479
234.893391471
74.7057229578
203.304148317
1623.89016158
185.973747128
218.149947744
59.4554876144
218.239433668
111.259832258
46.7937249661

845.0

1100
1107
1107
1087
1075
1049
1024
986
935
922
896
884
884
871
896
909
954
979
1017
1043
1075
1100
1100
1113
1100
1075
1062
1037
992
954
922
909
896
871
884
884
896
935
973
1005
1043
1062
1100
1100
1113
1094
1107
1049
1049
998
979
928
909
896
884
871
884
896
922
954
1005
1017
1056
1081
1107
1113
1100
1100
1075
1049
1024
979
941
916
896
877
884
877
890
909
947
979
1017
1049
1081
1094
1113
1100
1100
1087
1062
1024
992
947
941
896
896
884
865
884
909
941
960
1011
1037
1075
1087
1100
1113
1094
1094
1062
1037
1011
973
928
909
903
884
871
884
896
922
960
998
1024
1062
1075
1100
1100
1113
1100
1075
1049
1011
986
941
916
903
877
884
871
896
909
947
986
1024
1049
1075
1094
1107
1107
1094
1075
1062
1030
998
954
922
896
896
884
865
890
896
947
973
1011
1037
1062
1087
1100
1113
1100
1100
1049
1037
1005
966
935
909
896
884
871
884
896
935
954
1005
1024
1062
1081
1107
1100
1113
1087
1075
1043
1017
986
935
909
903
877
884
871
896
909
947
986
1024
1049
1075
1094
1107
1113
1100
1075
1062
1024
992
954
922
896
896
884
865
890
903
941
973
1011
1037
1075
1087
1107
1113
1087
1094
1062
1037
998
973
922
909
896
884
871
884
896
935
960
998
1024
1075
1075
1107
1107
1113
1087
1075
1037
1011
979
935
916
903
884
877
877
896
916
947
986
1030
1056
1075
1100
1100
1113
1087
1075
1062
1024
986
935
935
896
896
871
871
884
916
941
973
1011
1043
1068
1094
1094
1113
1094
1094
1049
1043
992
973
922
909
896
884
871
884
896
922
960
998
1030
1068
1075
1100
1100
1113
1094
1075
1043
1011
986
935
922
896
884
884
871
896
909
947
979
1024
1043
1081
1094
1107
1107
1100
1075
1062
1024
998
947
916
896
896
890
871
884
909
928
979
1011
1037
1068
1094
1100
1113
1087
1100
1049
1037
998
973
922
916
896
877
877
871
896
928
960
998
1024
1062
1075
1100
1100
1113
1087
1075
1049
1024
973
935
922
896
884
884
865
890
903
954
973
1024
1037
1075
1100
1100
1113
1100
1081
1068
1024
992
960
928
896
896
884
871
884
903
935
966
998
1043
1062
1094
1100
1107
1094
1100
1062
1049
998
979
916
922
896
877
884
877
896
922
954
992
1024
1062
1068
1107
1107
1119
1087
1075
1043
1030
979
941
928
903
884
871
871
896
909
947
973
1024
1043
1075
1094
1113
1100
1100
1075
1075
1024
998
960
922
896
896
884
871
884
909
935
960
1011
1037
1062
1100
1100
1113
1100
1087
1062
1043
1005
973
916
922
903
865
890
884
884
922
960
998
1024
1062
1075
1100
1100
1113
1087
1081
1043
1024
966
954
922
896
877
877
871
896
909
947
979
1017
1049
1075
1094
1107
1113
1094
1081
1062
1030
998
954
928
896
903
877
871
877
909
935
960
1011
1037
1068
1094
1100
1113
1094
1094
1062
1037
1011
973
922
909
896
890
877
877
890
922
954
992
1024
1062
1068
1094
1113
1119
1094
1075
1043
1017
986
935
922
896
884
884
871
896
903
954
979
1024
1043
1068
1100
1113
1107
1100
1075
1062
1024
998
954
928
896
896
884
858
890
903
947
966
1011
1043
1062
1100
1087
1113
1100
1100
1043
1056
998
973
922
909
896
884
884
884
890
928
960
998
1024
1062
1075
1113
1107
1107
1094
1068
1049
1024
973
947
909
896
884
884
865
896
916
947
979
1024
1043
1075
1100
1100
1113
1087
1087
1062
1024
998
947
935
896
896
877
877
877
903
941
966
1011
1037
1049
1107
1094
1113
1100
1100
1049
1049
1005
979
922
909
896
884
877
877
896
928
954
998
1024
1062
1068
1107
1113
1113
1087
1081
1043
1024
973
947
916
903
884
884
858
896
922
947
986
1017
1049
1075
1094
1113
1107
1094
1075
1062
1030
992
960
922
896
896
884
871
884
909
935
966
1011
1037
1068
1087
1100
1113
1100
1100
1049
1043
1005
973
922
909
896
884
871
884
896
928
954
992
1030
1062
1068
1107
1113
1113
1087
1075
1049
1024
973
947
916
896
884
884
858
896
916
947
979
1030
1037
1068
1087
1119
1113
1087
1081
1062
1030
998
960
922
896
896
884
871
877
909
935
960
1011
1030
1062
1094
1094
1126
1087
1100
1062
1043
1005
973
928
916
896
884
877
877
896
922
947
998
1024
1049
1087
1100
1107
1119
1087
1068
1056
1024
986
947
916
896
890
884
858
896
909
947
979
1024
1043
1068
1094
1113
1100
1100
1087
1062
1030
992
960
928
903
896
884
871
884
896
935
973
1005
1037
1068
1100
1094
1119
1087
1100
1062
1049
998
973
935
903
896
890
871
884
896
928
954
1005
1024
1068
1075
1107
1107
1113
1087
1087
1037
1024
979
941
922
896
884
884
865
890
916
954
979
1024
1043
1081
1094
1113
1100
1100
1075
1062
1030
992
954
928
896
896
884
871
884
909
935
973
1011
1037
1075
1094
1094
1113
1087
1100
1062
1030
1011
966
935
909
896
884
871
884
896
928
954
998
1024
1062
1081
1107
1100
1113
1100
1075
1037
1024
979
941
922
896
884
884
865
896
903
960
966
1030
1056
1075
1094
1100
1113
1100
1075
1062
1024
998
960
922
896
896
871
884
884
909
935
966
1011
1043
1062
1100
1100
1113
1100
1100
1049
1049
998
973
922
909
903
877
884
865
896
928
960
998
1030
1062
1081
1100
1107
1107
1100
1062
1049
1024
986
935
922
896
877
884
877
896
909
954
979
1024
1049
1075
1100
1100
1113
1094
1075
1068
1024
986
954
928
896
896
884
871
884
916
928
986
1005
1043
1075
1087
1107
1119
1081
1094
1056
1043
998
973
916
916
896
884
871
884
896
922
960
998
1030
1068
1075
1100
1107
1113
1094
1075
1049
1011
973
941
916
903
877
884
871
896
909
960
973
1030
1049
1081
1100
1113
1100
1100
1075
1062
1024
998
947
935
896
890
871
877
884
922
935
973
1011
1049
1068
1094
1107
1107
1100
1100
1056
1043
992
979
922
903
896
890
871
884
896
935
954
1005
1017
1068
1087
1100
1107
1107
1087
1075
1049
1011
979
941
909
903
877
890
865
896
909
947
998
1017
1056
1075
1094
1107
1113
1094
1081
1062
1024
998
947
935
896
896
884
871
884
916
941
973
1011
1043
1062
1107
1107
1119
1087
1107
1056
1037
998
979
922
916
896
884
871
884
903
928
966
1011
1030
1068
1081
1100
1113
1113
1087
1075
1049
1011
986
928
916
896
884
884
871
896
922
954
992
1030
1056
1087
1100
1100
1113
1100
1075
1062
1017
986
941
928
896
890
884
871
884
916
941
998
1011
1049
1075
1094
1107
1113
1087
1087
1062
1037
992
966
922
896
896
884
871
896
903
941
966
1017
1017
1081
1081
1107
1100
1119
1081
1075
1037
1011
973
928
916
896
884
871
884
896
916
966
986
1037
1043
1094
1094
1119
1100
1087
1068
1068
1024
986
935
928
896
890
884
871
877
928
947
986
1024
1043
1068
1100
1100
1126
1081
1094
1049
1037
986
960
922
909
896
877
871
890
903
941
954
1017
1024
1075
1087
1113
1100
1113
1087
1068
1037
1011
973
922
916
896
871
884
884
896
909
960
986
1030
1056
1075
1100
1100
1113
1100
1075
1056
1024
986
941
935
890
890
884
871
884
916
941
966
1017
1049
1068
1094
1100
1113
1094
1094
1062
1037
998
966
928
909
896
884
871
884
896
935
960
1011
1024
1075
1075
1107
1107
1113
1100
1062
1037
1024
966
941
909
903
877
884
865
909
916
960
979
1030
1056
1081
1094
1107
1113
1100
1068
1056
1024
992
947
928
896
896
877
871
877
922
941
973
1017
1049
1062
1100
1100
1113
1087
1107
1056
1037
998
973
922
896
909
884
871
884
896
935
960
998
1030
1068
1087
1100
1107
1113
1094
1075
1043
1017
973
935
922
896
884
884
858
896
916
954
986
1024
1049
1075
1100
1100
1113
1100
1075
1062
1037
986
947
928
896
896
890
865
884
909
935
979
1005
1043
1068
1094
1107
1113
1094
1100
1056
1037
1005
973
922
909
909
884
871
884
896
928
954
1011
1017
1068
1081
1107
1100
1107
1094
1075
1049
1017
973
941
916
903
877
877
877
896
909
954
973
1030
1049
1068
1100
1100
1113
1100
1081
1056
1030
992
947
935
896
896
884
871
884
909
935
973
1011
1037
1075
1100
1100
1113
1094
1094
1062
1049
992
979
922
909
903
890
871
884
896
935
960
998
1030
1062
1081
1107
1107
1113
1100
1075
1043
1017
979
941
909
909
877
871
890
896
903
954
992
1030
1049
1087
1100
1107
1113
1094
1081
1068
1024
986
960
922
896
896
884
871
884
909
941
973
1017
1037
1075
1087
1107
1119
1087
1100
1056
1043
998
973
922
909
896
884
871
884
896
935
954
1005
1024
1062
1081
1107
1107
1107
1094
1075
1043
1024
979
941
909
909
884
877
865
896
909
960
986
1017
1056
1075
1100
1107
1107
1100
1075
1062
1037
998
947
922
909
896
877
877
884
909
935
973
998
1049
1075
1094
1100
1119
1094
1100
1056
1037
1011
973
928
909
903
884
871
884
896
928
960
992
1024
1068
1081
1107
1100
1107
1100
1075
1049
1024
973
941
916
896
884
884
877
896
909
954
973
1024
1049
1081
1094
1113
1100
1107
1075
1068
1024
992
954
935
896
896
871
884
871
922
935
966
1017
1037
1062
1100
1087
1113
1100
1100
1062
1037
1005
966
922
922
896
884
877
890
896
935
960
998
1024
1075
1075
1113
1100
1113
1094
1068
1043
1017
973
947
916
903
871
884
884
896
909
960
986
1024
1062
1075
1100
1100
1113
1100
1075
1062
1030
986
947
928
896
896
884
871
884
916
941
973
1024
1043
1068
1100
1100
1126
1087
1094
1056
1037
998
973
916
909
896
890
871
871
903
935
966
998
1030
1068
1081
1107
1100
1113
1094
1068
1049
1011
973
935
922
896
884
884
871
896
909
954
986
1030
1049
1075
1100
1113
1113
1087
1075
1056
1030
986
947
935
896
896
877
877
877
909
941
973
998
1049
1075
1087
1100
1113
1100
1087
1056
1043
998
973
922
916
903
884
871
884
896
928
960
998
1030
1062
1075
1113
1100
1113
1087
1081
1056
1011
979
941
916
903
884
884
871
896
909
947
992
1024
1049
1081
1100
1107
1107
1094
1087
1056
1030
992
960
922
896
960
922
896
896
916
941
973
1011
1037
1062
1100
1100
1113
1087
1100
1056
1043
998
973
922
909
896
884
871
877
896
935
954
992
1030
1075
1075
1100
1100
1113
1100
1075
1043
1017
973
941
916
896
884
884
871
896
909
947
986
1024
1049
1075
1100
1107
1107
1100
1075
1062
1037
986
960
916
896
896
890
871
877
909
935
979
1011
1037
1062
1100
1094
1119
1094
1094
1056
1043
998
973
922
916
903
884
871
884
896
922
954
998
1024
1062
1081

