338.283951387
429.201516702
408.707462913
371.306420564
439.0491217
184.994764221
207.355170793
480.733234042
399.684045699
281.46116667
375.769846891
488.280556506
647.886205513
286.602242821
296.270558233
180.484762997
205.688256065
295.486195334
426.531749913
361.309603731
230.985182417
408.704258454
479.312366569
445.964195188
409.478879525
351.854431184
352.958133065
450.664756246
392.609620616
472.953628271
317.139601647
325.925228779
337.906691167
281.042740352
366.959563735
301.256998928
432.161163149
340.330721269
338.575967701
329.331521081
274.79283913
334.440395051
399.535336451
378.739585805
333.454558762
409.567769999
394.340617255
451.615947127
323.997927263
295.689706005
298.009846008
359.699430805
369.925174012
345.613228422
359.073882122
481.362041075
392.273052777
326.326434177
286.048828946
331.804956162
372.414055465
344.580197748
393.089499577
615.335430672
281.156918301
251.343117994
255.707896579
361.667361864
343.680530783
358.030377476
415.251528323
497.154786
365.308731803
314.69729977
309.87065824
414.460237261
445.498099382
386.72977596
372.04738964
362.622800406
448.296957545
335.823514344
503.25195889
288.506752696
153.945536736
246.217387125
352.585798238
790.414201548
747.399807858
216.943540628
243.953264619
287.632110162
1153.44928486
1069.01110268
227.715744673
117518.428707
156.16216433
1163.70616124
1143.42043146
344.703314378
367.16481632
44.1649617567
845.816974372
787.603445277
395.217399687
165.484597197
360.937600142
324.629327034
523.882973355
381.71443886
557.001810821
303.704168463
348.070303212
311.172141249
225.728661623
377.805258688
270.347390384
317.131503704
317.817075035
402.858590732
423.941808647
381.576988027
401.144492863
331.366315582
264.395776317
334.390672618
186.461476125
463.825328389
329.515713083
340.026840538
309.228142408
353.117717874
279.4687419
338.655339308
312.365609442
410.653088424
392.672056367
284.234691751
278.084918817
342.723957953
233.783373963
416.985561161
436.159293419
379.387142141
341.187459745
226.243692728
373.27723216
396.793254874
312.855416756
380.550364673
318.402512374
300.739986182
388.13753451
318.823443398
222.743034594
335.977905304
284.057174664
188.947366604
258.938322832
788.634019983
217.38127128
245.701741308
306.390994223
333.554925792
334.153683049
393.576899149
254.303413009
384.794357083
308.982130271
306.13904216
209.689313026
460.601924392
387.991914195
435.578701124
427.552420729
280.959226123
353.086045441
340.663463885
360.483017632
243.866557829
301.029407774
322.184340511
343.903081107
380.020083442
313.746162383
237.013914155
210.106091877
256.930889077
288.179325663
253.533718443
318.212754441
1928.50777888
223.521875049
225.451329504
380.077387301
386.37599494
301.403381853
335.34544271

845.0

1100
1100
1113
1087
1075
1037
1011
973
941
916
909
871
877
890
903
916
960
986
1024
1056
1081
1100
1100
1113
1087
1075
1043
1030
973
954
941
896
884
884
884
884
922
947
986
1011
1049
1062
1100
1113
1107
1081
1094
1049
1030
986
973
922
909
896
884
871
890
903
928
966
998
1037
1068
1081
1100
1100
1113
1081
1068
1030
1017
966
941
922
896
884
871
871
903
916
973
986
1011
1056
1075
1094
1113
1100
1100
1068
1062
1024
979
960
935
896
884
884
884
884
909
941
979
1011
1037
1068
1094
1107
1107
1094
1094
1049
1037
998
960
935
922
896
871
884
884
909
916
973
992
1037
1062
1087
1100
1100
1100
1100
1068
1043
1011
973
941
928
896
884
884
871
903
916
960
986
1024
1049
1075
1100
1113
1107
1094
1075
1062
1017
979
960
941
896
890
884
877
890
922
947
979
1017
1043
1068
1113
1100
1113
1081
1094
1049
1037
986
973
935
896
896
884
871
896
896
935
973
1005
1024
1081
1075
1113
1100
1113
1087
1075
1037
1005
966
935
922
896
871
884
884
903
916
960
992
1030
1049
1081
1100
1094
1113
1087
1075
1056
1017
986
947
935
896
884
884
865
890
922
947
979
1011
1043
1062
1100
1100
1113
1081
1087
1056
1037
986
973
935
903
896
884
877
890
903
928
966
998
1030
1068
1081
1107
1094
1119
1087
1068
1043
1011
966
941
922
896
877
890
871
903
916
966
986
1030
1049
1068
1113
1107
1100
1100
1075
1049
1030
979
947
935
896
896
877
877
890
909
954
973
1011
1049
1062
1100
1107
1119
1087
1087
1049
1037
986
973
928
903
896
884
871
890
903
935
973
998
1024
1075
1075
1107
1100
1107
1087
1075
1037
1011
973
935
922
896
871
877
890
903
916
960
986
1024
1062
1075
1100
1100
1113
1087
1068
1049
1030
973
960
935
896
890
877
884
884
916
954
973
1011
1049
1075
1100
1100
1100
1100
1087
1056
1030
986
966
935
903
896
884
884
884
909
922
979
1005
1030
1068
1087
1100
1107
1107
1100
1062
1037
1005
966
947
922
896
871
884
884
903
916
884
903
916
960
1081
1100
1100
1113
1087
1075
1062
1024
986
954
941
896
884
884
871
890
909
941
986
998
1049
1062
1100
1100
1100
1100
1100
1049
1037
998
973
928
916
896
871
884
890
903
922
966
992
1024
1075
1075
1107
1094
1113
1094
1068
1049
1011
973
947
922
896
884
884
871
896
916
954
986
1024
1049
1075
1100
1100
1113
1087
1075
1062
1024
986
954
941
896
890
877
871
896
903
941
973
998
1043
1068
1100
1100
1107
1087
1100
1056
1037
998
973
935
922
896
871
877
890
896
928
966
998
1024
1075
1075
1100
1100
1113
1087
1075
1049
1011
973
947
922
896
884
884
871
903
916
960
979
1017
1056
1075
1094
1107
1107
1087
1075
1062
1024
973
954
941
896
896
871
871
890
909
941
973
1011
1037
1062
1100
1100
1113
1087
1087
1056
1030
998
973
935
909
896
871
884
884
896
928
954
998
1024
1075
1062
1100
1100
1113
1087
1075
1049
1011
966
947
922
903
871
884
871
896
909
960
979
1017
1049
1075
1087
1113
1100
1094
1075
1056
1030
992
954
941
896
896
871
877
890
903
941
973
998
1037
1062
1100
1100
1100
1100
1100
1049
1037
998
973
935
922
896
871
884
884
896
922
960
986
1024
1062
1075
1100
1100
1113
1087
1075
1062
1017
973
954
922
896
890
890
858
909
909
947
986
1011
1049
1062
1100
1100
1113
1087
1087
1062
1024
998
954
935
896
896
890
871
884
909
928
979
1005
1043
1062
1100
1100
1107
1094
1094
1056
1037
1005
973
935
916
896
884
871
884
896
922
966
992
1024
1062
1075
1100
1100
1113
1100
1075
1049
1017
973
954
922
896
884
884
871
896
909
960
973
1017
1049
1081
1087
1107
1107
1094
1081
1062
1024
979
966
935
896
896
871
884
890
909
941
986
998
1043
1068
1094
1094
1113
1087
1100
1049
1037
992
973
941
909
896
871
884
890
903
922
966
1005
1024
1075
1075
1100
1100
1107
1094
1068
1037
1005
973
947
922
896
877
884
877
909
909
973
986
1024
1056
1081
1100
1100
1113
1081
1075
1062
1024
979
947
935
896
884
884
871
890
916
947
986
1011
1049
1062
1107
1107
1113
1087
1087
1056
1030
986
973
935
903
890
884
871
896
896
935
960
1011
1024
1075
1068
1107
1100
1113
1087
1062
1043
1011
966
935
922
896
871
884
884
896
909
960
998
1017
1043
1081
1094
1107
1119
1081
1068
1056
1030
973
947
941
896
890
871
871
896
909
947
973
1011
1037
1075
1100
1100
1100
1087
1087
1056
1030
998
960
935
909
896
871
877
890
903
928
966
998
1030
1062
1081
1107
1100
1107
1094
1062
1043
1005
973
935
922
896
884
884
871
903
916
954
979
1024
1049
1075
1100
1107
1107
1087
1075
1062
1017
979
960
935
896
877
890
871
884
916
947
979
1005
1043
1062
1100
1100
1113
1087
1087
1056
1037
992
973
928
916
896
871
884
884
896
928
966
998
1024
1075
1075
1100
1100
1113
1087
1075
1049
1005
973
947
922
903
871
884
871
909
909
960
986
1017
1056
1075
1100
1100
1113
1087
1075
1062
1024
979
954
935
896
896
871
884
884
922
941
979
1011
1043
1068
1100
1100
1107
1094
1087
1049
1030
992
966
935
916
896
871
877
890
903
928
973
998
1024
1075
1081
1107
1100
1100
1087
1075
1037
1011
973
935
909
903
877
884
884
896
909
960
992
1030
1049
1075
1100
1100
1107
1094
1062
1062
1024
973
947
935
896
877
877
884
884
909
960
979
1005
1049
1068
1094
1113
1107
1081
1087
1056
1030
986
973
928
903
896
871
884
884
903
928
973
1005
1024
1068
1075
1107
1100
1113
1081
1075
1037
1011
960
947
916
903
871
884
871
909
909
960
986
1017
1056
1075
1094
1107
1100
1087
1075
1062
1017
979
947
935
896
896
871
871
890
916
947
973
1011
1037
1062
1100
1100
1113
1087
1087
1049
1030
992
966
928
909
896
877
877
890
903
922
960
998
1024
1075
1075
1100
1100
1113
1087
1068
1037
1017
973
941
928
896
871
884
865
896
916
960
986
1011
1049
1075
1087
1113
1107
1087
1081
1056
1024
979
960
935
896
896
871
884
884
909
935
973
1005
1043
1062
1087
1100
1107
1094
1094
1056
1030
992
973
935
916
896
877
871
896
896
909
960
998
1024
1062
1068
1094
1100
1113
1087
1075
1049
1011
973
947
922
903
877
884
877
896
903
960
973
1024
1037
1075
1094
1107
1113
1087
1075
1062
1030
986
966
935
896
896
871
884
877
916
935
979
1005
1037
1062
1100
1100
1100
1100
1100
1049
1037
998
973
935
909
896
884
871
890
896
928
960
998
1017
1068
1075
1107
1100
1107
1087
1075
1043
1011
966
954
916
903
877
884
871
903
916
947
986
1024
1049
1075
1100
1100
1100
1100
1075
1062
1024
986
947
935
903
890
865
877
896
909
947
973
1005
1037
1068
1100
1100
1113
1087
1087
1056
1043
986
973
935
909
896
884
871
890
896
928
960
998
1024
1068
1081
1087
1107
1107
1087
1075
1049
998
973
947
922
896
884
884
871
903
916
954
979
1024
1049
1075
1087
1113
1113
1087
1081
1056
1024
986
960
935
896
896
865
884
890
909
935
979
1011
1043
1068
1094
1100
1113
1087
1100
1049
1037
992
966
935
916
890
884
871
890
903
922
973
992
1030
1068
1075
1107
1100
1107
1094
1068
1043
1011
973
935
922
903
877
884
871
903
909
954
986
1017
1062
1068
1100
1100
1113
1087
1075
1062
1024
973
954
941
896
877
877
884
884
916
941
986
1005
1043
1062
1100
1100
1113
1075
1100
1049
1030
992
960
935
909
896
877
877
877
909
928
966
998
1024
1068
1081
1107
1100
1100
1087
1068
1037
1011
966
947
909
909
871
871
884
896
909
960
986
1024
1049
1075
1087
1113
1100
1087
1075
1062
1017
979
947
935
896
890
877
884
884
909
935
979
1005
1037
1068
1100
1100
1107
1087
1094
1043
1043
986
973
928
916
896
877
871
890
903
922
960
1005
1030
1062
1075
1100
1100
1107
1094
1075
1049
1017
966
947
922
896
871
884
871
903
916
960
979
1017
1049
1075
1100
1100
1100
1100
1075
1056
1030
973
960
941
896
890
871
884
884
909
935
979
1011
1043
1062
1100
1100
1100
1100
1100
1043
1037
992
973
935
909
896
884
871
896
896
928
960
992
1024
1075
1075
1100
1100
1113
1087
1062
1049
1011
973
935
935
896
884
871
877
896
903
960
986
1017
1049
1068
1100
1094
1119
1087
1075
1062
1024
979
966
935
896
884
877
877
884
909
941
973
1005
1037
1068
1094
1100
1100
1094
1100
1056
1037
986
986
935
909
896
884
871
890
896
916
966
998
1024
1068
1075
1100
1100
1107
1094
1068
1049
1017
973
941
922
896
877
884
871
903
909
954
986
1011
1049
1068
1094
1113
1100
1094
1068
1062
1030
979
954
941
896
896
871
871
896
903
941
973
998
1043
1068
1087
1100
1113
1087
1100
1049
1037
998
973
935
909
896
884
871
890
903
922
960
998
1024
1068
1075
1100
1094
1113
1094
1068
1049
1005
979
947
922
903
877
884
871
903
916
954
979
1011
1049
1075
1100
1107
1107
1100
1075
1062
1024
986
960
935
896
896
871
877
890
909
935
973
1005
1037
1062
1094
1100
1107
1094
1107
1056
1037
998
973
935
922
896
871
871
890
896
922
954
998
1017
1068
1075
1100
1100
1113
1094
1075
1049
1017
973
947
928
903
884
884
871
896
909
954
979
1011
1062
1068
1094
1100
1113
1100
1068
1068
1024
986
954
941
903
890
884
865
890
922
935
973
998
1037
1068
1094
1100
1113
1087
1100
1049
1037
998
973
941
916
896
884
871
896
896
922
966
992
1030
1068
1075
1100
1107
1107
1094
1075
1049
1017
973
947
909
903
884
890
877
903
909
954
979
1024
1043
1081
1100
1107
1107
1100
1068
1068
1024
979
954
947
896
896
871
871
896
903
941
986
998
1043
1062
1107
1100
1113
1087
1100
1043
1043
998
973
928
909
896
877
877
890
896
922
966
998
1017
1075
1068
1107
1100
1113
1087
1075
1049
1017
966
947
922
896
884
884
871
896
903
966
973
1024
1049
1062
1094
1119
1100
1087
1068
1068
1037
973
960
941
903
884
884
871
884
922
935
979
1005
1037
1075
1087
1100
1113
1087
1100
1049
1037
986
973
935
916
896
877
877
890
896
928
966
986
1030
1068
1075
1113
1100
1107
1094
1075
1037
1017
966
935
935
896
877
877
884
896
909
966
979
1024
1049
1062
1113
1100
1107
1094
1075
1062
1017
979
954
941
896
896
871
871
896
909
947
966
1005
1049
1062
1100
1100
1100
1094
1094
1049
1037
986
986
922
909
896
884
884
884
903
928
973
998
1024
1075
1075

