707.217832157
287.452599743
227.301736188
219.981333406
500.067444418
292.340723404
297.923186352
136.81058776
225.003157711
264.944266693
181.863870801
260.173191895
176.176307834
168.862314483
320.190320139
208.243417372
369.521671838
72.4696825946
228.1994659
40.7816775754
105.159323684
106.214128888
170.06434197
217.466886249
237.793129401
211.518526138
80.2087347873
97.5923319397
152.896991719
65.2716114899
96.4327615568
69.0227364716
89.9587550934
157.445199386
57.7052378203
160.458943573
185.541121763
113.552120251
51.7871452671
110.24112078
170.002868348
139.835110725
73.6482116173
107.481396479
258.606246693
146.189984929
108.875878355
148.724098619
171.685903255
85.6726872208
27.7678594312
81.2349574358
3162.80806757
246.971851313
174.999254445
122.081555091
195.010327256
146.607483441
185.42555051
185.291184066
142.219763986
111.141271217
112.471979875
237.311601331
76.3526922413
119.57290614
74.0960648166
72.9587170443
64.8144102752
209.411713831
685.808743805
170.573697972
261.816243321
270.992347004
217.29660772
169.663393559
135.915577428
105.882175197
503.986471216
249.60468822
295.693184599
250.628920091
220.204927895
107.991866509
130.613885246
145.428437527
104.321798631
545.436127776
480.95480732
325.80677792
375.381671584
260.287546767
360.93175998
348.695874832
243.196988962
208.453024154
446.25175831
478.778061007
518.269131169
312.407203698
705.580504652
615.555571417
569.795569654
1620.10136063
1951.16457681
34367.0642962
1579.28318644
1313.41341879
435.998484677
545.346086531
592.713498983
255.47456623
335.649494139
430.453554155
290.026292746
245.300030196
128.459184683
244.241022465
255.2029484
140.392224508
202.572580175
230.505404777
78.9519406039
209.050266332
28.2800893146
109.873641039
221.865286835
290.306544655
196.455286733
160.363335693
177.69265315
290.305146077
131.206299473
54.8150692048
156.71438474
170.072994573
129.525961145
124.846912505
33.6837453371
70.3919364424
406.876545318
275.250094518
132.441388979
268.931639414
199.427911236
196.985484125
210.324898053
95.4231641591
208.365151243
221.876452029
131.660888935
159.783170862
140.990461441
129.323598151
155.502708047
183.719401392
18.495421265
291.393691432
752.409291809
349.524006198
195.67081097
141.489085651
202.776527513
23.5082106232
107.947815318
171.973413566
74.1656523964
64.612933029
178.98036315
153.811655514
218.774957657
149.228863203
107.29294108
169.651069192
176.962277024
158.809959537
154.514911544
144.028693011
25.7963316178
224.150870015
153.38980379
202.163762774
237.875774754
78.1613332857
153.243664979
74.5369508765
140.716502523
155.026069209
35.1955894415
45.2610828836
223.166004434
155.973130206
212.65714673
290.294765126
251.03485156
148.845800828
131.74026876
125.803243538

884.0

973
986
1005
1017
1024
1037
1037
1037
1030
1017
1011
998
992
986
973
979
973
973
973
973
992
986
1017
1017
1043
1037
1024
1024
1024
1011
992
979
979
973
966
973
973
966
979
973
998
1011
1024
1037
1024
1037
1037
1024
1011
992
1005
979
986
966
986
960
973
973
979
992
998
1011
1024
1037
1030
1024
1030
1017
1005
986
986
960
973
960
973
966
966
973
986
1005
1017
1024
1024
1043
1043
1024
1037
998
992
992
986
973
973
973
973
973
973
973
986
1005
1017
1024
1037
1024
1024
1024
1011
998
979
979
973
973
973
966
979
966
979
986
998
1017
1043
1024
1049
1024
1030
1024
1011
992
986
979
979
973
966
966
979
966
998
986
1017
1017
1030
1043
1030
1011
1030
1011
998
973
979
966
986
960
973
973
973
986
992
1017
1011
1037
1037
1037
1037
1024
998
998
992
992
986
966
979
973
973
973
979
992
998
1024
1024
1037
1030
1017
1037
1011
998
986
986
966
966
973
960
973
960
986
986
998
1011
1037
1037
1037
1043
1030
1030
1005
998
986
986
973
979
966
973
960
973
979
998
1005
1024
1024
1037
1024
1024
1024
1024
998
973
979
979
960
986
960
973
960
986
986
1011
1017
1030
1037
1037
1037
1030
1024
1011
986
992
973
986
973
973
960
979
979
986
998
1011
1030
1030
1037
1030
1017
1024
998
998
973
979
973
979
973
966
966
973
986
998
998
1037
1030
1043
1024
1043
1017
1011
998
986
986
973
986
973
973
966
973
966
998
1005
1011
1043
1017
1030
1024
1030
1017
998
992
973
979
973
960
973
960
973
966
1005
998
1017
1030
1037
1037
1024
1049
1024
1011
998
979
986
979
973
973
966
966
986
973
998
1011
1017
1030
1037
1024
1024
1024
1024
992
979
973
986
960
986
966
973
966
986
992
1005
1024
1037
1030
1043
1037
1017
1017
1011
986
992
979
979
966
973
973
973
979
986
1005
1017
1030
1037
1024
1030
1017
1024
998
998
986
966
979
973
973
960
973
966
979
1011
998
1037
1024
1037
1030
1037
1017
1011
998
992
979
979
979
973
973
973
966
986
992
1005
1017
1024
1037
1024
1030
1030
1011
992
992
979
966
973
960
973
960
973
973
992
1005
1017
1030
1037
1037
1037
1037
1024
1011
992
979
986
973
973
973
966
966
973
986
998
1005
1024
1030
1030
1024
1024
1011
1024
992
986
973
973
973
973
973
960
973
979
992
1011
1024
1037
1024
1049
1024
1024
1017
1011
986
979
986
973
973
973
966
979
973
986
998
1017
1017
1037
1024
1037
1024
1017
1005
986
986
973
973
973
960
986
954
979
973
998
1024
1024
1030
1030
1043
1030
1030
1005
992
992
986
986
960
979
966
973
966
992
986
1005
1017
1030
1043
1024
1024
1024
1005
1017
973
986
960
973
973
966
966
973
966
998
998
1030
1024
1030
1043
1037
1024
1024
1005
998
986
986
966
979
973
973
966
966
992
998
1011
1030
1017
1037
1024
1024
1024
1017
992
973
986
973
973
960
973
973
960
986
986
1011
1024
1030
1030
1037
1037
1037
1011
998
998
973
986
979
966
973
960
979
966
998
992
1005
1037
1024
1037
1024
1017
1017
998
992
979
973
960
979
966
973
954
979
986
998
1011
1024
1030
1030
1037
1037
1011
1011
979
1011
973
979
966
979
966
966
979
979
986
1011
1011
1030
1030
1024
1024
1024
1011
998
986
973
973
966
966
960
966
966
966
1005
986
1037
1011
1037
1037
1049
1024
1037
1005
992
986
986
973
973
973
966
966
973
986
992
998
1017
1024
1043
1030
1024
1017
1011
1005
979
979
979
973
966
973
973
960
986
986
1011
1017
1030
1037
1037
1037
1030
1017
998
992
992
979
986
966
973
973
979
966
992
1005
1011
1037
1030
1030
1037
1011
1024
998
1005
966
986
966
979
960
966
966
979
986
998
1017
1017
1037
1037
1030
1037
1024
1005
998
986
992
973
979
973
966
979
973
986
992
1011
1005
1043
1024
1037
1024
1024
1011
998
979
979
973
966
966
966
960
979
966
998
1005
1017
1024
1043
1037
1037
1037
1017
1005
986
979
992
973
979
954
973
973
979
979
998
1005
1017
1037
1037
1024
1024
1011
1017
992
986
973
973
973
973
960
973
966
979
998
1011
1024
1037
1030
1043
1030
1030
1011
1011
986
979
992
979
973
966
966
979
979
979
998
1024
1011
1043
1024
1043
1011
1024
998
998
973
973
973
973
973
966
960
986
986
1005
1005
1030
1030
1043
1030
1037
1017
1005
992
998
986
973
973
979
966
966
979
986
986
998
1024
1030
1043
1024
1024
1024
1017
992
986
986
960
979
954
973
960
960
973
998
998
1024
1024
1037
1030
1043
1024
1017
1017
992
979
986
973
979
966
973
966
973
979
998
1005
1024
1017
1037
1024
1024
1011
1024
986
986
973
973
973
966
966
973
973
986
986
1011
1024
1030
1030
1037
1037
1024
1011
998
998
973
986
973
979
966
966
979
973
992
979
1024
1024
1037
1030
1030
1024
1011
1005
992
973
973
973
973
966
966
960
986
979
1005
1011
1024
1037
1037
1030
1030
1024
998
998
998
979
979
960
986
966
979
973
973
998
998
1024
1030
1030
1024
1024
1024
1024
979
979
986
960
973
960
973
966
966
979
992
1005
1017
1030
1043
1030
1037
1024
1030
992
992
979
979
986
966
966
973
966
973
979
998
1005
1017
1017
1056
1024
1024
1011
1017
992
973
979
973
966
973
973
973
960
979
986
1017
1024
1037
1024
1037
1037
1024
1011
1011
986
986
986
973
973
966
966
979
966
998
992
1017
1030
1037
1030
1024
1024
1024
1005
992
973
979
966
973
966
973
966
979
986
992
1017
1017
1043
1030
1037
1024
1024
1011
992
992
986
973
973
986
960
979
973
979
986
1011
1017
1030
1037
1030
1017
1037
1011
998
986
986
966
966
966
966
966
973
973
992
998
1024
1024
1049
1030
1043
1024
1030
1005
998
986
986
973
973
973
973
966
979
973
998
1005
1017
1037
1030
1024
1017
1024
1011
998
973
973
979
966
973
966
973
966
986
986
1011
1024
1037
1030
1037
1037
1024
1017
998
998
979
973
979
973
973
973
973
973
986
998
1017
1030
1037
1024
1024
1030
1017
998
992
973
973
966
979
966
973
960
973
986
998
1017
1037
1030
1037
1017
1043
1017
1017
1043
1017
1005
966
973
966
973
973
973
992
1011
1011
1024
1037
1024
1024
1017
1017
986
979
973
973
973
966
973
973
960
986
986
1011
1017
1030
1030
1037
1030
1024
1011
998
992
979
986
973
973
966
960
979
973
986
998
1011
1024
1037
1024
1017
1030
1011
998
992
966
979
966
973
954
966
966
979
979
992
1011
1030
1024
1037
1030
1037
1011
1005
992
998
973
966
979
973
973
973
973
973
992
992
1017
1030
1030
1030
1017
1030
1005
1005
979
979
966
966
960
973
960
966
979
986
998
1024
1024
1037
1024
1030
1043
1024
998
986
986
986
973
966
973
966
973
973
973
998
998
1024
1017
1030
1037
1011
1024
1011
998
973
986
973
973
966
954
973
966
979
986
1005
1017
1024
1037
1037
1030
1017
1024
1011
986
986
973
986
960
979
966
973
973
973
992
1017
1024
1030
1030
1030
1024
1017
992
1011
966
973
973
973
973
960
973
973
973
1005
1017
1024
1024
1037
1024
1037
1017
1005
998
986
986
973
986
966
966
966
979
979
986
1005
1011
1037
1024
1024
1011
1037
1011
998
986
973
966
966
973
954
966
966
973
998
992
1024
1024
1037
1037
1037
1037
1017
1005
998
986
986
973
973
966
966
973
973
979
992
1005
1017
1030
1030
1024
1024
1024
1024
986
986
973
979
966
973
973
966
966
966
1005
1005
1024
1030
1024
1037
1037
1024
1011
1017
979
986
986
973
986
966
966
973
973
986
998
1011
1024
1037
1024
1037
1011
1024
998
992
973
966
973
973
966
966
960
973
986
998
1011
1024
1024
1037
1037
1037
1017
1005
992
1005
986
973
973
973
973
973
966
979
986
1005
1011
1030
1030
1024
1030
1024
1024
998
986
979
966
973
960
973
960
973
973
992
1005
1017
1030
1037
1037
1037
1030
1030
1005
986
979
992
973
979
973
973
960
973
986
992
1005
1024
1024
1037
1024
1024
1017
1017
986
979
973
979
966
966
973
966
966
966
1005
1005
1017
1037
1024
1043
1024
1030
1011
1011
986
986
986
973
973
966
966
973
973
986
986
1017
1017
1037
1030
1030
1024
1017
1005
998
973
973
979
966
973
973
960
979
979
998
1005
1030
1037
1024
1043
1037
1024
1005
998
998
973
979
966
986
966
979
960
986
986
1011
1011
1024
1037
1037
1024
1024
1011
1005
979
986
960
973
966
966
973
960
973
986
1011
1017
1030
1024
1030
1043
1024
1037
998
998
986
979
979
979
966
973
966
966
986
992
998
1024
1017
1043
1017
1024
1024
1011
998
973
986
973
966
966
960
973
966
979
986
1011
1024
1024
1037
1037
1030
1030
1011
1011
986
986
979
979
966
979
960
973
966
992
986
1017
1017
1037
1037
1024
1024
1011
1005
992
973
973
960
979
966
973
954
979
973
998
1011
1024
1030
1030
1037
1030
1017
1011
992
998
973
992
973
973
973
966
973
979
992
1005
1011
1024
1037
1037
1017
1030
1011
1005
986
979
960
979
966
960
973
960
979
992
998
1024
1024
1037
1024
1049
1024
1030
1005
986
998
986
973
973
966
966
973
973
973
998
1005
1017
1030
1037
1024
1030
1017
1017
992
986
979
973
966
979
954
979
966
979
986
998
1024
1037
1024
1037
1037
1024
1024
1011
979
986
979
986
966
973
960
973
966
992
992
1011
1024
1024
1037
1030
1017
1024
998
1005
966
979
966
973
973
960
973
973
979
1005
998
1030
1017
1030
1037
1043
1005
1017
998
998
979
979
973
966
979
960
979
986
979
998
1011
1024
1037
1037
1011
1037
1011
1011
986
973
973
973
960
960
973
960
973
986
986
1017
1030
1030
1030
1037
1037
1024
1011
998
986
986
973
979
966
973
954
979
973
986
998
1024
1024
1037
1024
1024
1024
1011
998
986
979
973
966
979
966
973
973
966
992
998
1024
1037
1024
1043
1030
1037
1011
1011
986
998
973
986
973
960
973
973
973
979
992
998
1017
1030
1037
1030
1017
1024
1017
992
986
973
973
966
966
973
973
973
973
992
998
1030
1011
1049
1037
1024
1024
1017
1005
992
979
998
973
973
973
966
979
973
986
1005
1005
1024
1043
1030
1030
1030
1011
1011
986
986
973
973
960
966
960
966
973
986
998
1017
1030
1024
1037
1043
1037
1030
1005
1005
986
986
973
979
966
966
966
979
979
992
998
1017
1030
1043
1024
1024
1024
1030
992
998
973
979
966
966
979
973
973

