1240.26791153
1358.74448159
1198.77125625
702.530269828
551.609210022
554.781225941
980.329068054
1014.73932522
1358.20117473
1214.15814597
682.503662807
570.401886309
453.013864188
135.638440532
941.558647352
345.328696396
712.708452258
376.777072372
577.08679994
892.844302936
1055.97826304
743.439010007
270.004204816
208.343767287
877.009062176
758.661029379
226.81260214
1665.90663382
1037.05220987
674.711030685
489.686749135
504.125376833
293.607265618
1381.43247391
667.769844979
584.981285756
1548.05245095
727.158333977
562.997937833
459.554476034
880.101318831
1143.8770226
725.732811925
497.483571563
565.480397039
996.990832042
420.468213833
465.577068586
1002.28844213
810.394735733
847.368074027
1389.51617981
419.416757104
1466.30500774
1476.08768179
965.077616396
1493.33139491
1152.60740345
245.112169326
245.796552886
1790.746961
1438.16252132
931.82338736
1458.64814799
1250.22391815
1110.54211235
1643.61823861
1013.09203333
3332.64398414
1108.04178217
1561.30344318
1815.63369694
2976.86206517
510.961976097
3765.7128185
1561.45635885
1907.25401074
207.717681585
4453.20324493
3982.09666204
3942.09016739
6769.85861149
3235.2443026
4826.4645131
2529.41709099
801.980678649
3640.73436795
1199.81208114
2529.28539196
1665.91579584
1363.95744263
3560.08988284
1132.28262294
3327.54061709
3499.09485601
1642.52674584
708.278528691
2369.23876826
646.1261733

884.0

1005
1005
992
992
1005
992
992
1005
998
998
992
992
998
992
986
1005
998
1005
998
1011
1005
1011
1011
1005
1017
1011
998
1011
998
992
992
973
986
973
979
973
986
979
992
992
1011
1017
1011
1011
1024
1017
1011
1017
1005
998
986
998
979
979
973
973
973
973
979
986
979
992
986
992
998
1005
1011
1005
1011
998
1011
1005
1030
1011
1017
1017
1024
1011
1005
1005
998
998
986
992
992
979
986
986
979
998
992
1005
1011
1011
1011
1011
1024
1011
1024
998
1011
992
998
986
992
973
979
979
986
973
973
979
992
998
998
1024
1024
1030
1037
1030
1024
1024
1011
1011
1011
986
986
973
973
960
973
960
979
979
986
986
1011
998
1011
1017
1024
1030
1024
1011
1030
1017
1011
1011
1011
998
998
986
973
973
973
960
973
960
960
979
986
992
998
998
1011
1011
1017
1024
1030
1024
1024
1030
1030
1024
1024
1011
1017
992
998
979
979
966
979
960
986
979
979
986
998
998
1005
1011
1017
1011
1011
1005
1017
998
1011
998
1011
998
1005
992
998
992
992
998
992
986
986
992
998
992
998
992
998
986
998
998
1011
998
1011
1011
1011
1011
1024
1024
1024
1024
1011
1005
1017
998
998
986
973
973
979
966
979
966
973
973
986
973
1005
992
1017
1005
1024
1024
1024
1017
1017
1011
1011
1011
1011
986
1011
986
998
998
1011
986
986
986
998
986
1011
998
1011
998
1024
998
1024
1011
1017
1017
1011
992
1005
986
1011
992
992
998
998
1005
1005
992
1005
1011
998
998
1005
998
992
998
986
986
986
973
998
998
992
992
998
998
1017
1017
1017
1024
1017
1024
1011
1024
998
998
998
998
998
998
992
992
986
992
992
998
992
1005
998
1005
1005
1011
1011
1011
992
1011
1005
1011
1005
998
998
992
986
1005
1005
998
992
1005
998
998
998
998
1011
1005
1011
1011
1017
1011
1011
1011
998
998
998
1011
998
998
986
998
998
986
998
998
998
998
1005
998
1005
1005
1005
1005
1017
1005
1005
998
998
1005
992
1005
1005
998
998
992
992
986
998
998
992
1005
986
998
998
998
998
998
998
1011
992
1005
1011
998
998
986
1005
992
998
992
998
979
1005
992
1005
992
1011
1005
1017
1011
1017
1011
1011
1017
998
1011
998
986
992
979
986
986
986
986
992
992
986
992
1005
1005
1005
1017
1017
998
1011
1024
1011
1005
998
998
1005
998
998
998
986
998
979
992
998
992
992
992
1005
998
986
998
998
998
986
992
992
998
998
986
1011
992
1005
998
1017
1005
1011
1024
1017
1017
1005
1017
1024
1005
986
998
986
979
966
992
973
979
992
998
1011
1011
998
1011
1024
1017
1017
1011
1024
998
998
998
998
986
998
992
992
992
986
1005
1005
1005
998
1005
992
1011
998
1011
998
1005
992
1011
1011
998
986
998
992
992
979
992
992
1005
998
1005
1005
992
1005
1011
1017
1011
1030
1024
1024
1024
1005
1017
1011
1011
998
992
992
986
986
986
986
992
992
998
1011
998
1011
1017
1030
1011
1017
1017
1005
1024
998
1005
1005
998
992
998
998
992
992
998
992
998
998
1005
998
1005
992
1011
1005
1005
998
1011
998
1011
986
1005
1011
992
998
986
1011
1011
998
1005
992
1011
1005
1005
1011
998
998
1005
1005
1005
1005
992
1005
986
986
998
998
998
998
998
1011
1011
998
1011
1011
1011
998
1011
1011
998
979
1011
998
1005
998
998
998
998
992
998
998
992
998
1011
1005
1005
1005
998
1017
1011
1011
1011
1011
1011
1011
1005
1005
1005
998
998
998
992
992
1005
992
992
992
998
1005
1011
998
1011
1011
1011
1005
1005
998
998
986
998
986
998
986
998
998
1011
1011
998
1011
1005
998
1017
1011
998
998
1005
998
992
986
986
998
998
986
998
998
1011
1011
1005
1005
1005
1017
1011
1017
1005
986
1005
992
998
986
973
998
986
986
998
998
998
1005
1017
1011
1017
1017
1011
1011
1024
1011
1024
1011
1011
1011
992
992
979
986
979
986
986
986
986
1011
979
1005
986
1024
1011
1005
1005
1017
1005
998
1011
998
992
992
998
998
992
986
1005
1011
1017
1030
1024
1024
1011
1017
1024
1005
1011
1005
1011
1005
992
992
992
992
998
986
998
998
1005
998
1005
998
998
998
998
1011
1005
992
998
998
998
998
992
1005
998
998
998
1011
998
998
998
1005
1005
998
998
992
1005
986
998
1011
992
1005
1011
1005
1005
1011
1005
1011
1017
998
1011
1017
992
998
986
1011
986
986
998
992
998
992
998
998
998
998
998
1011
1011
992
1011
1017
998
986
998
998
986
992
986
979
998
973
998
992
1005
998
1005
1017
1011
1017
1017
1017
1017
1017
1005
1005
1005
998
986
986
973
973
973
986
986
986
992
992
998
998
1005
1017
1011
1005
1017
1011
1011
1011
1024
998
1024
998
1017
1005
998
986
986
992
992
986
986
998
986
1005
1005
1005
1017
1024
1011
1017
1017
1017
1017
1017
1017
1017
1011
973
986
986
986
979
979
979
992
992
992
986
986
1011
992
1005
998
1011
998
1011
1005
1017
998
1011
986
1005
979
998
960
986
960
960
966
979
973
986
986
998
998
1011
1011
1037
1024
1024
1011
1011
1024
1017
998
998
992
973
979
979
973
966
966
973
966
966
986
992
1005
992
1005
1011
1017
1017
1017
1017
998
992
1005
1005
992
973
973
986
973
986
986
998
992
992
992
998
1005
986
998
992
1005
998
998
998
998
973
986
986
998
973
986
979
992
966
979
986
998
998
992
998
1005
1011
998
1011
1005
992
1005
986
1017
979
1005
979
1005
986
973
986
986
973
986
986
998
986
986
1011
998
992
998
1005
1011
1011
1011
1011
1011
1011
998
998
998
998
998
998
986
986
992
992
979
979
973
1005
998
992
986
1005
998
1005
1011
1024
998
1011
998
1011
998
1011
992
1005
992
992
986
1011
986
998
986
998
986
979
986
979
986
973
998
986
998
986
998
1005
1017
1005
1017
1017
1005
1011
1024
1005
1005
986
998
1005
992
973
966
992
973
986
992
998
1005
1017
1024
1024
1030
1024
1037
1030
1024
998
1005
1005
992
986
986
986
973
979
986
986
1005
998
1005
1011
998
1017
1011
1017
1011
1011
1005
1011
1005
992
998
986
973
973
986
973
986
960
986
986
986
998
998
1011
1005
1017
1024
998
1017
1005
1011
992
1017
998
998
1011
979
992
986
979
998
992
998
992
1005
1011
998
998
998
998
1011
1011
1011
1024
1005
1024
1005
1011
1011
1017
992
998
973
992
992
973
973
986
973
986
986
986
979
979
979
992
1011
1005
1017
1024
1030
1024
1030
1024
1024
1011
998
998
979
966
973
960
954
954
941
954
973
973
973
992
992
1017
1017
1017
1043
1049
1043
1043
1049
1049
1037
1030
1017
986
998
986
960
954
954
947
935
960
966
979
986
998
998
1011
1024
1037
1037
1043
1030
1037
1024
1024
1017
1005
998
986
973
973
960
973
973
973
973
986
986
1011
1005
1017
1011
1024
1024
1037
1030
1024
1017
1017
1005
1011
986
998
973
992
979
986
979
986
986
992
1005
998
1005
1011
1005
1005
998
1011
1011
1011
998
1005
992
998
998
986
998
986
998
998
998
1011
992
1011
1005
1005
1011
1017
998
1024
998
1005
992
1011
998
1005
979
998
986
998
998
998
992
1005
992
1005
998
1011
1011
1005
992
1011
998
1011
998
1005
992
998
998
992
998
998
1005
998
986
1005
1005
998
998
998
986
1011
998
998
998
998
1005
992
998
1011
998
998
992
998
998
1005
992
1005
986
1011
979
1011
1005
998
998
998
998
992
1005
1005
998
986
992
1005
992
1005
1005
998
998
998
998
998
1011
992
998
992
1005
986
992
998
986
992
992
992
992
992
1005
998
1011
992
1017
1011
1017
1005
1005
1005
998
998
998
992
986
979
986
992
992
986
986
986
998
998
998
1005
998
1011
1011
1017
1011
1011
1011
1011
998
1011
998
1005
1017
998
998
1011
986
998
986
992
986
979
1005
998
1005
998
998
998
1017
1017
1005
1017
992
1017
998
998
998
998
998
998
986
986
998
986
973
986
998
986
998
1005
998
1017
1011
1011
1017
1011
1017
998
1011
998
1005
998
979
1005
986
992
992
992
992
998
1005
1011
998
1011
1005
1011
998
1011
1005
998
998
1011
998
998
992
979
998
992
992
992
1005
998
998
1005
1005
1024
1005
998
1005
1011
1011
998
998
1017
1011
1005
1011
998
1011
992
1005
998
998
992
992
998
998
986
998
986
986
998
998
998
1005
1005
1005
1017
1005
998
1017
1024
998
998
998
998
998
992
992
992
992
986
1011
998
1005
1017
998
1024
1011
1005
1005
1017
1005
998
998
992
998
992
986
986
992
992
998
998
998
1005
1005
1011
1005
1011
1005
1011
1005
1005
998
1005
992
998
986
979
973
966
960
966
966
960
966
979
973
966
992
992
979
992
992
1011
1011
998
1005
1005
986
979
998
992
998
973
986
1005
1005
986
998
1011
1011
979
1005
1011
998
986
992
992
998
1005
1005
1024
1011
1011
1017
1030
1024
1017
1024
1011
1005
998
986
998
986
973
986
979
979
979
979
979
979
998
998
998
1011
998
1005
1011
1005
1011
998
1011
1005
1005
998
998
1005
998
992
998
998
986
979
986
992
973
986
973
979
992
998
1005
1005
1017
1017
1024
1024
1037
1011
1030
1005
1011
973
992
973
966
960
973
973
966
986
979
998
998
1005
1017
1011
1011
1011
1024
1024
1024
1024
1011
1024
1011
992
992
986
986
973
986
986
998
986
1011
1011
1005
1017
1024
1024
1024
1017
1017
1011
1005
1005
992
1011
992
998
998
992
992
998
979
992
992
998
992
1005
998
1017
1011
1005
1017
1011
1024
1005
1005
998
1005
998
992
998
998
986
986
986
992
992
998
992
1005
1011
1011
1011
1011
1011
1005
998
1005
998
998
998
998
998
1011
998
1024
1011
1011
1017
1017
1017
998
1005
979
992
973
986
986
986
986
979
986
986
998
979
986
986
973
986
986
992
973
979
998
998
998
966
986
986
992
986
1005
998
992
998
1005
1017
998
1005
1005
1017
1005
1011
1024
1011
1017
1005
1017
998
1005
998
998
992
979
954
992
973
973
954
979
986
992
992
998
998
998
1017
1017
1011
1017
1017
1024
1024
1011
1011
1024
1011
1011
998
1011
979
979
986
986
973
960
960
966
966
960
966
979
973
973
986
1011
1024
1011
1005
1005
1011
1011
1024
1024
1017
1005
1011
1011
1005
1005
1005
998
1011
986
1005
998
998
998
1005
1005
1024
1011
1005
1030
1017
1011
1017
998
1011
998
992
992
998
979
998
986
998
979
998
1011
1005
1011
1011
1011
1017
1011
1024
1011
1011
1011
1011

