589.261187324
403.395034575
80.7718591842
177.353609173
211.02640968
133.436978224
401.454262746
403.295959326
201.07816045
203.330537986
392.671492351
79.8552064659
211.901238219
200.485259219
273.05117026
258.548057282
131.770067824
379.769566875
155.885080895
362.776929709
72.1263345237
179.454825674
209.677404441
140.939060614
165.635918321
104.215678849
278.137525164
175.347241282
312.619802143
302.798228537
170.237881375
282.977523728
170.491256026
139.544686329
236.514346961
216.959610678
289.829234525
243.600342286
265.890994521
301.331115541
213.123212538
179.263955388
157.08332996
193.733142787
273.794695477
259.281227965
230.097187659
172.343428298
348.374397905
192.181010241
168.567164489
253.218064591
183.775414303
251.324145147
211.136565513
185.315008608
173.938281709
191.39004954
245.261023786
249.901706865
264.034684072
282.725575882
197.704928127
542.361408194
179.372338552
256.484772407
252.264354441
155.175548978
345.960965535
183.635517446
206.309220649
162.979769823
194.516387082
225.24964498
192.736112435
250.515422857
264.973887974
202.942990026
419.509674915
393.326228473
227.245168464
90.4841996192
257.279911962
192.826991635
344.9187766
142.27350471
430.640942125
208.057140501
296.282420208
150.931957374
553.234983888
417.072893605
572.241412207
783.470912558
331.516779116
83293.9090001
320.637557603
749.468753749
485.453106432
416.952534351
729.726856243
318.477903393
234.917963755
138.143225699
491.536075148
66.647230697
331.286776787
116.573911341
410.990829158
237.761968177
309.057168643
393.956691959
190.037058322
49.1645340426
184.114606445
283.442127485
262.385756447
165.170222024
215.783108949
302.139661064
195.020991199
177.073928635
229.956364766
158.209226726
332.495341015
267.387259123
138.124006593
236.722524544
211.47249389
144.860518802
243.906481696
384.937455016
314.211059304
199.452060155
280.145237842
151.469915347
136.211115614
150.214144705
180.980008202
311.538757792
339.606392203
267.505979618
174.22769124
218.47697174
219.665835543
226.623576056
160.556510551
101.905632222
143.052863868
142.909633995
269.335935814
236.594534227
313.025263694
238.626198587
202.487874255
88.1963424343
148.495126367
161.684924048
260.390677242
603.978566015
87.5501344607
222.531041507
255.522360341
238.27707171
89.9480123429
155.31631232
142.629607545
224.307267775
174.542089816
289.444765691
248.83550415
215.045795548
190.283789998
130.465226371
250.018180603
146.339264624
174.045678008
243.905436902
165.267482984
192.827197875
333.872417436
165.482408538
230.258572157
170.682664296
256.979834687
200.348614266
90.7061674884
223.069083896
76.5968286008
398.885960169
157.697973788
1444.216772
123.569065145
182.923557825
194.235895777
166.711991185
124.262364135
108.924075002
207.343137138

884.0

1068
1081
1075
1062
1062
1024
1017
986
966
947
928
896
928
916
941
922
960
986
1011
1024
1049
1062
1075
1068
1068
1062
1049
1024
998
966
960
928
916
916
916
928
935
960
960
1005
1017
1037
1068
1068
1081
1068
1075
1043
1030
998
992
960
928
935
909
909
922
935
947
960
986
1011
1043
1062
1068
1075
1075
1068
1056
1037
1024
986
960
947
935
903
916
916
954
922
966
979
1011
1037
1049
1062
1075
1075
1081
1056
1049
1011
1005
966
960
922
909
916
922
928
935
954
979
998
1024
1049
1068
1068
1075
1068
1075
1043
1030
998
992
947
941
928
909
909
922
941
941
973
998
1011
1049
1049
1068
1075
1081
1062
1056
1037
1017
986
960
947
935
903
922
928
935
928
960
979
1011
1024
1062
1062
1068
1081
1068
1056
1049
1024
998
973
947
928
916
922
916
922
941
954
979
998
1017
1043
1068
1068
1075
1075
1068
1043
1037
1005
992
947
941
928
909
916
928
935
935
973
998
1005
1037
1068
1062
1075
1081
1062
1056
1043
1017
986
960
960
922
909
922
922
935
935
960
986
1005
1030
1049
1068
1068
1087
1062
1062
1049
1030
998
966
960
922
922
909
922
922
928
966
973
998
1011
1049
1062
1075
1075
1075
1075
1037
1037
1011
986
960
935
928
909
916
922
941
941
966
992
1011
1043
1056
1075
1062
1075
1068
1062
1037
1017
979
979
941
941
909
903
928
947
922
960
986
1005
1030
1049
1062
1062
1087
1075
1062
1049
1011
998
979
954
935
922
909
916
928
935
960
973
992
1017
1049
1068
1068
1075
1068
1075
1043
1037
1011
992
954
947
935
903
916
928
941
941
966
986
1024
1037
1049
1075
1075
1081
1068
1062
1037
1024
986
966
954
935
909
922
922
941
928
960
986
1011
1024
1056
1068
1075
1075
1075
1062
1056
1017
1005
973
960
928
909
922
916
922
941
960
973
998
1017
1043
1062
1075
1081
1068
1075
1049
1037
1005
992
954
941
922
909
922
922
935
947
960
998
1011
1049
1049
1062
1075
1075
1062
1062
1037
1017
992
960
947
935
909
916
922
935
928
973
986
1011
1024
1049
1062
1075
1081
1068
1062
1037
1030
1005
966
954
922
928
916
909
935
935
954
973
998
1017
1043
1068
1062
1087
1062
1087
1037
1037
1011
986
960
947
928
903
922
922
947
941
954
998
1011
1043
1056
1075
1062
1081
1075
1049
1056
1017
992
973
947
935
909
922
922
941
935
966
979
1011
1030
1049
1062
1068
1087
1068
1068
1056
1017
1005
966
966
935
909
916
916
928
941
954
979
998
1017
1049
1068
1062
1087
1062
1075
1043
1043
1005
992
960
935
935
909
916
928
935
947
960
998
1005
1049
1056
1062
1075
1081
1068
1056
1037
1017
986
973
947
935
909
922
922
941
928
960
986
1017
1030
1062
1062
1075
1087
1062
1062
1049
1024
998
973
947
935
903
928
916
928
941
954
986
1005
1017
1049
1075
1068
1087
1068
1062
1049
1037
998
986
954
935
922
909
916
928
941
947
960
1005
1017
1049
1049
1075
1075
1075
1068
1049
1043
1011
986
960
947
935
909
909
922
947
922
973
979
1017
1030
1056
1062
1075
1081
1068
1062
1037
1024
998
960
954
928
916
916
922
928
941
947
986
998
1024
1049
1062
1075
1075
1062
1075
1043
1030
1005
986
954
935
922
909
922
922
947
941
966
998
1011
1049
1056
1068
1075
1075
1062
1062
1037
1017
986
960
954
928
903
922
922
935
935
960
986
1011
1037
1056
1068
1068
1081
1075
1062
1043
1017
998
973
960
922
922
909
922
922
935
966
979
1005
1017
1056
1068
1068
1081
1062
1075
1049
1037
998
986
954
941
922
909
922
922
935
941
979
998
1011
1049
1062
1068
1068
1081
1068
1056
1030
1017
992
960
947
928
909
916
928
941
935
954
992
1011
1037
1049
1062
1068
1081
1075
1062
1043
1017
998
960
960
928
916
916
916
935
935
960
966
1011
1017
1049
1075
1068
1087
1068
1075
1037
1037
1005
992
960
935
922
916
916
935
935
947
973
998
1017
1056
1056
1068
1075
1075
1075
1056
1030
1017
986
960
947
928
909
922
922
941
935
966
986
1011
1037
1043
1081
1068
1081
1075
1049
1049
1024
986
966
954
935
909
916
928
922
935
954
986
992
1030
1043
1068
1068
1087
1062
1075
1049
1024
1005
986
954
935
922
916
916
922
947
947
973
986
1011
1049
1062
1075
1075
1075
1062
1062
1037
1024
979
960
954
935
903
928
909
947
935
960
986
1024
1024
1056
1068
1075
1075
1068
1068
1043
1017
998
960
960
922
922
909
922
928
941
960
986
998
1017
1056
1068
1068
1087
1062
1075
1043
1030
998
986
954
941
922
909
922
922
941
941
973
998
1011
1049
1056
1068
1075
1081
1068
1056
1030
1017
986
966
947
922
903
928
922
947
922
966
979
1011
1037
1056
1068
1068
1081
1075
1056
1049
1017
992
966
960
922
909
909
928
922
941
947
979
1005
1024
1037
1075
1062
1087
1062
1075
1030
1043
1005
986
947
941
922
909
922
922
935
947
973
992
1017
1049
1049
1062
1087
1075
1068
1056
1043
1017
986
960
947
935
903
922
922
941
935
960
992
1011
1030
1062
1062
1075
1087
1068
1056
1049
1017
992
973
954
928
909
916
928
922
941
960
979
1011
1011
1056
1068
1062
1087
1062
1075
1049
1024
1011
979
954
935
928
916
909
922
947
947
966
998
1005
1056
1056
1075
1075
1075
1068
1056
1037
1017
992
947
954
941
909
916
922
935
941
960
986
1011
1037
1049
1075
1075
1075
1075
1062
1043
1017
998
973
960
922
916
916
922
922
947
960
973
998
1024
1049
1075
1062
1087
1062
1068
1056
1037
992
992
960
935
935
909
916
928
935
947
973
998
1011
1049
1049
1075
1075
1075
1075
1049
1037
1011
992
966
947
928
903
922
928
941
935
960
986
1005
1043
1049
1068
1075
1081
1068
1062
1056
1011
992
979
954
928
922
909
922
935
941
954
986
998
1017
1037
1081
1062
1087
1062
1068
1043
1037
1011
986
954
941
922
909
922
922
947
941
966
992
1011
1043
1049
1075
1062
1081
1075
1056
1037
1011
998
960
947
935
909
922
922
935
922
960
986
1011
1024
1049
1062
1075
1075
1075
1062
1049
1024
1011
973
947
928
916
922
916
916
947
947
973
998
1024
1037
1062
1068
1087
1068
1075
1043
1037
1005
986
960
947
922
909
922
916
941
947
960
986
1011
1043
1056
1068
1068
1075
1075
1049
1049
1017
992
966
947
935
903
922
922
935
928
973
979
1011
1030
1043
1075
1075
1075
1075
1062
1043
1030
998
973
960
922
922
916
922
928
935
960
973
998
1017
1043
1075
1062
1081
1075
1075
1043
1037
1011
986
960
935
928
909
916
922
941
941
973
986
1011
1049
1049
1075
1075
1075
1062
1062
1043
1017
986
973
947
935
909
922
916
941
935
960
973
1011
1030
1056
1056
1075
1075
1068
1068
1056
1011
1005
973
960
928
922
909
922
922
941
954
979
998
1017
1049
1075
1062
1087
1062
1075
1049
1037
998
998
947
941
928
909
909
935
941
935
966
992
1017
1037
1056
1068
1075
1075
1075
1056
1030
1017
986
966
954
935
903
922
922
935
935
960
986
1011
1024
1062
1062
1075
1081
1062
1075
1049
1024
1005
973
954
922
916
922
916
928
947
960
973
1011
1024
1049
1062
1075
1087
1062
1075
1043
1030
1005
979
960
935
928
909
916
922
941
954
960
998
1011
1049
1062
1062
1075
1075
1068
1056
1043
1017
986
960
947
935
909
922
916
941
935
960
992
1017
1024
1049
1062
1087
1075
1075
1062
1043
1017
998
973
954
928
909
916
922
928
935
954
986
998
1024
1043
1075
1068
1081
1062
1075
1043
1037
1005
986
954
935
928
909
916
928
935
954
966
998
1011
1049
1056
1068
1075
1081
1062
1056
1037
1011
986
960
947
935
903
922
922
941
935
960
986
1011
1037
1056
1068
1075
1075
1068
1068
1037
1017
998
960
954
922
909
916
922
928
935
960
986
998
1017
1043
1075
1068
1081
1056
1081
1043
1030
998
986
954
935
916
909
922
928
941
941
966
992
1017
1049
1062
1062
1075
1081
1062
1056
1037
1011
986
966
947
928
909
922
916
941
935
960
986
1017
1030
1062
1062
1075
1075
1068
1068
1037
1017
1005
960
960
922
909
922
922
922
935
960
973
998
1024
1043
1068
1062
1087
1056
1081
1037
1056
1081
1037
1024
935
922
909
922
922
935
947
960
998
998
1049
1049
1075
1075
1075
1062
1049
1043
1017
986
966
954
928
903
922
922
935
922
973
979
1011
1017
1062
1062
1075
1068
1068
1062
1049
1024
998
973
954
928
922
916
916
922
947
947
979
992
1024
1037
1062
1075
1087
1062
1075
1049
1030
1011
992
947
947
922
909
909
935
935
941
966
986
1011
1043
1056
1062
1075
1075
1068
1068
1037
1011
992
966
947
935
909
916
916
941
922
966
973
1011
1024
1062
1062
1075
1075
1062
1075
1043
1017
1005
966
960
922
916
916
922
922
935
947
973
998
1024
1043
1068
1062
1081
1068
1075
1043
1030
998
986
960
941
922
903
922
922
935
947
960
992
1011
1043
1056
1068
1068
1081
1062
1062
1030
1017
986
960
947
935
896
922
922
935
928
966
986
1011
1030
1056
1062
1062
1081
1068
1062
1049
1011
998
973
954
922
916
909
922
916
941
954
973
1005
1005
1049
1068
1062
1087
1062
1075
1043
1037
1005
986
947
941
928
909
909
922
935
941
966
998
1011
1049
1049
1068
1075
1075
1068
1049
1030
1030
986
973
941
928
909
922
922
935
928
966
986
1011
1024
1056
1062
1081
1075
1075
1062
1049
1017
998
966
960
928
916
916
922
922
941
966
973
1005
1017
1043
1068
1068
1087
1062
1062
1037
1049
998
986
947
947
922
916
916
922
947
947
966
992
1011
1049
1062
1062
1075
1075
1068
1056
1037
1017
979
960
954
935
903
922
922
941
935
966
986
998
1037
1062
1068
1075
1081
1062
1056
1049
1017
998
960
960
922
909
916
916
935
935
960
986
998
1024
1049
1062
1075
1081
1056
1075
1049
1024
998
986
947
935
935
909
909
922
941
954
960
998
1005
1056
1056
1068
1062
1087
1062
1062
1024
1017
992
960
941
928
909
922
916
941
928
966
986
1011
1030
1043
1068
1068
1081
1068
1062
1049
1017
998
966
960
922
909
922
916
928
935
960
966
1011
1017
1043
1075
1068
1081
1068
1062
1049
1024
1005
986
947
941
922
916
916
922
935
947
966
992
1011
1049
1056
1062
1081
1075
1062
1062
1037
1011
986
960
947
928
896
928
922
947
935
947
998
1011
1037
1049
1075
1075
1075
1075
1056
1049
1017
998
960
954
928
909
916
916
922
941
954
979
1011
1017
1043
1068
1075
1087
1062
1062
1043
1030
1005
986
947
941
922
909
922
922
941
941
973
986
1011
1049
1049

