1020.94915656
518.70890864
397.376060987
724.510671212
413.226127002
470.914495396
238.442943113
596.909976709
222.605722613
125.385013722
151.093286958
159.7461103
169.673679819
119.390540714
457.380615337
250.279866309
255.510312332
186.873333615
23.2305241777
44.9642094
70.8144548214
518.046695917
154.985612712
695.530227967
189.549913109
541.537272274
169.882300837
123.29182795
59.0647252399
244.905701533
300.171254648
544.247872263
456.224678683
541.537287255
85.0911113004
246.692879154
114.318632581
384.564928098
121.850583
307.668680088
151.649221524
308.140389853
220.130847868
362.234171835
610.059096194
222.67786177
159.95604605
219.142170965
495.717777696
522.71171599
238.726423041
316.387270292
734.704210641
343.609546598
417.44298488
105.327993349
524.404191268
1063.04104263
730.855298035
512.83950808
483.083029086
358.045750571
538.344219452
1473.01004393
514.35896915
563.161483353
260.662246449
1175.38811415
749.596411742
310.81403182
374.057684582
19.7076632187
1332.35350725
1474.67429529
638.919407825
666.201553798
426.490356098
1712.50835318
2283.03348592
320.235892689
1473.80831366
653.643723331
1503.72213934
1135.4567567
669.92382341
1130.27444846
587.883409017
910.379573063
1575.4412314
770.28689519
1118.00585912
337.124272712
636.000879873
1425.36884457
1804.55642834
1494.8664063
843.928671094
103.920646559
1503.07178908

928.0

1005
998
1011
1011
1011
998
998
998
986
979
992
986
986
979
979
986
998
998
998
986
998
1005
1005
1005
1017
1005
1005
1011
1005
1005
998
1005
1005
1005
992
998
998
998
998
998
986
998
986
986
998
998
992
992
1011
1011
998
1011
1005
992
998
998
1011
998
998
992
1005
998
998
998
998
992
979
992
992
998
986
986
998
998
1005
1005
1011
998
998
1011
1011
998
998
979
1005
979
992
992
992
992
979
998
1005
1005
1005
992
1024
998
1011
998
1011
1011
986
998
992
992
986
986
998
986
998
998
1005
998
1005
998
1011
1011
992
1017
1011
992
1005
986
1005
992
986
998
992
998
992
986
998
1005
992
998
1011
998
998
1005
1005
998
1005
998
1005
992
998
998
1017
986
986
986
1011
992
992
973
998
986
998
998
998
998
986
1005
1005
1005
1005
998
998
998
998
1011
1011
998
992
992
998
998
992
992
1005
998
986
992
1011
998
998
986
998
998
1005
998
998
1005
986
998
992
1005
986
998
992
1005
986
998
992
1005
986
1011
998
992
986
1005
998
1005
998
1005
998
1011
998
986
1005
992
998
998
1005
992
1011
998
998
992
1005
992
1011
992
986
986
998
998
998
992
1005
1011
992
1005
1011
998
986
998
1011
998
998
986
998
992
992
998
1005
992
998
992
1005
1011
998
998
998
1005
986
1005
992
1005
979
992
998
998
986
998
998
1011
998
1005
1017
998
1011
998
1011
998
1005
992
1011
998
992
1005
998
998
986
986
998
998
986
992
1005
1005
998
992
1011
998
998
998
998
1005
1005
998
1005
1005
998
998
1005
998
992
998
998
992
979
1005
986
1005
992
992
992
1005
986
998
986
979
979
979
979
992
986
1005
998
998
1011
998
1017
1005
1011
998
1011
992
998
992
1011
992
992
986
1005
998
992
986
1011
1011
998
998
998
1005
1005
998
1005
998
998
992
998
998
992
992
998
986
986
986
998
998
986
998
998
998
1011
1005
1017
1005
1005
998
1011
1011
998
998
1005
1005
986
998
992
992
979
979
992
992
998
986
1005
998
1005
992
1017
1011
1011
1005
1017
998
1011
998
998
998
998
1005
1005
992
998
992
998
992
992
998
998
992
998
992
1005
992
998
986
1024
998
998
986
1011
1005
1005
998
1011
998
992
1005
998
998
992
992
998
998
992
1005
992
1005
986
998
1011
1011
998
998
998
998
1005
1005
1005
998
992
998
998
998
1011
992
1011
998
1005
998
1011
998
998
992
998
998
992
998
998
998
986
1005
1005
1005
992
1005
1005
1005
1005
998
1005
998
1005
998
1005
992
1011
998
998
998
986
992
1005
998
986
998
998
986
992
992
998
998
998
998
998
1011
998
998
1024
998
998
1011
1011
1005
1005
986
998
992
998
1005
992
992
986
998
998
998
998
998
1005
1011
1005
998
1011
986
998
998
1005
1011
992
998
1005
998
992
998
1017
992
998
986
998
992
1005
992
1005
986
998
992
1011
1005
998
998
1011
998
992
998
1005
986
986
998
998
998
986
1005
998
998
992
998
1011
986
1005
992
1011
998
998
998
998
1011
992
992
998
1011
986
992
1005
986
973
986
986
979
979
998
986
998
998
1011
1011
998
1011
1011
1011
1011
998
986
998
986
992
992
998
992
992
992
1005
1005
1005
1005
1005
998
998
998
1005
992
986
986
998
998
1005
1005
1005
998
1017
1011
1024
1011
998
1005
1005
1005
1005
986
998
986
986
998
992
1005
986
998
998
1011
998
998
1011
1005
998
998
1005
992
986
998
992
992
986
992
998
1005
998
998
1017
998
998
998
1011
998
998
998
1005
1005
998
998
998
998
979
992
998
998
998
986
1011
998
992
1005
1011
1011
998
1011
1011
1017
1017
998
1011
1005
1017
998
1017
998
992
986
992
1005
986
986
998
998
992
992
1011
998
1005
998
1005
1011
992
992
992
998
992
998
1011
998
998
998
992
1011
1005
998
998
998
998
998
1005
998
992
986
998
998
992
992
1005
998
998
1005
1005
1005
1005
998
1011
1005
998
1011
998
998
998
998
1011
986
998
986
998
998
998
998
998
1011
998
998
998
1011
979
1017
998
1011
998
998
1005
1005
998
998
1011
986
998
986
998
998
992
986
1005
998
998
998
1005
998
998
992
1024
1011
1005
998
1005
998
998
1011
998
992
992
1011
992
998
992
998
986
998
986
998
1005
1005
986
998
992
1011
1005
998
1011
1005
992
992
1005
992
992
986
998
992
979
986
992
986
986
998
998
998
986
1005
992
1005
986
1005
1005
998
998
998
1017
1005
998
1005
1005
992
992
1005
1005
992
992
992
998
992
992
998
1005
998
998
992
1005
1011
998
1011
1011
1011
998
1005
1005
1005
986
992
992
992
998
992
998
992
986
986
998
1011
979
992
998
998
992
1005
1011
998
992
998
1011
1005
998
998
1005
998
992
998
998
998
986
986
1011
986
1011
998
1011
986
1005
1005
1011
998
1005
992
1011
998
992
1005
998
998
998
986
998
998
986
986
998
986
992
986
1005
998
998
998
1005
1005
1005
998
1017
1011
998
1024
1011
1005
1005
998
1005
1005
986
998
998
986
986
986
992
992
986
998
998
998
998
1005
1011
1005
998
998
1017
1005
998
986
1005
992
986
979
1005
992
998
986
1005
998
998
998
1011
1011
998
1011
1017
1017
1005
1005
998
998
1005
1005
998
998
986
986
998
998
1005
1005
998
1005
1005
998
1024
998
998
998
1005
1005
992
998
1005
998
998
1011
1005
1005
986
998
992
1011
986
1005
992
998
992
998
1011
998
998
998
1011
1005
1005
992
1005
998
1011
992
1005
1011
986
1011
998
998
992
992
1011
998
986
998
998
998
986
998
1005
1005
998
992
1011
1005
1005
998
1011
992
998
998
1011
998
998
992
992
998
986
1011
998
998
998
992
1005
998
998
998
998
1011
998
998
1011
998
998
998
1005
1005
1005
1005
1011
998
998
998
1005
992
992
992
998
998
979
992
992
992
992
992
1011
998
998
1011
1011
1011
1011
1005
1017
1005
1005
992
1011
986
1005
998
998
986
998
979
1005
986
998
986
998
998
998
992
1005
1005
1005
998
1011
1005
1005
1005
1005
998
998
998
998
998
986
998
992
992
1005
998
998
998
986
1005
1011
998
998
992
1005
1005
992
1005
1005
998
992
998
1005
998
998
998
1005
992
1005
998
1017
998
998
986
998
998
998
998
998
986
998
1005
1005
998
1005
992
1011
998
986
1005
992
992
992
998
998
998
986
998
986
986
986
998
998
998
998
998
1024
1011
1011
1011
1017
1005
1011
998
1005
992
998
986
998
986
973
998
992
986
992
986
998
1005
998
1005
1011
998
1005
998
1017
998
1011
998
998
998
998
998
1011
986
998
992
1005
998
1011
998
1005
1017
998
1011
1011
998
998
998
998
992
992
979
992
986
986
992
992
998
992
992
998
998
1011
998
998
992
992
1005
1005
998
998
998
998
998
986
998
1011
992
992
998
1011
992
1005
992
1005
998
986
992
1005
986
998
979
992
986
986
998
1005
992
998
1005
1017
998
1011
1011
1017
1011
998
1011
1005
998
986
998
979
992
986
986
986
986
986
986
1005
1005
998
998
1017
1005
1017
1017
1017
1005
1005
1005
1005
992
1005
986
992
992
979
998
986
992
986
992
998
992
998
992
998
992
992
1011
1005
998
992
998
998
998
1011
992
1011
1005
986
1005
1005
1011
998
998
1011
1005
992
998
1005
1005
992
992
992
992
986
986
986
986
986
998
998
998
1011
998
1024
1011
1011
1011
1024
1005
1005
998
1005
992
998
992
1005
979
979
992
992
998
986
998
1011
1005
1011
1017
1005
1005
1011
998
1011
1005
992
992
998
992
992
992
1005
1005
986
1011
1011
998
1011
998
1005
1005
998
1011
1011
998
998
1005
1005
992
992
998
992
992
992
992
1005
998
992
998
1011
998
998
998
1011
998
998
998
1011
998
992
1005
992
1005
979
1005
986
1005
986
1011
1005
1005
992
1011
1005
1005
1005
1005
1011
992
1005
986
1011
979
1005
986
1011
992
998
1005
998
1011
998
1005
1011
1005
998
998
992
992
998
998
998
998
986
1005
992
998
992
1005
1011
1005
1005
992
1005
998
1011
1005
1005
998
998
1005
1011
992
998
979
1005
992
992
986
1005
992
998
986
998
998
998
992
1011
1005
998
1011
1011
1005
1005
1005
1005
1005
1005
998
998
986
998
998
998
998
986
986
998
1005
992
998
998
1005
1005
1005
1005
998
998
998
998
1011
992
998
1011
986
1005
986
1024
998
998
986
998
998
992
992
1005
992
998
1005
1005
1005
998
992
1011
998
986
998
992
992
998
998
998
992
992
998
1011
998
998
998
1011
998
998
998
1011
1005
992
992
998
1005
986
986
1005
986
986
998
998
986
998
992
998
992
992
998
998
992
998
1005
998
1005
973
986
992
992
986
998
1005
998
986
1005
1011
1011
992
998
998
1005
986
998
986
986
979
992
998
986
992
1005
1005
1005
1011
1017
1024
1005
1005
998
1005
992
992
986
992
979
979
986
979
992
979
998
998
1011
1011
1024
1024
1017
1017
1024
1024
1011
998
998
986
986
979
973
986
979
979
979
986
986
998
992
1005
998
998
1011
1011
998
1005
1005
1011
1005
998
1005
998
986
998
986
998
986
986
986
986
992
979
986
1011
986
998
992
1017
1011
1017
1011
1011
1005
992
1005
1011
992
992
986
979
992
986
986
998
986
979
992
992
992
998
998
998
1005
1005
998
1011
998
998
998
1011
992
1005
992
1005
992
992
1005
1005
998
992
992
986
998
986
998
998
986
986
998
998
998
998
1005
992
998
1005
992
1005
992
992
992
998
986
1005
979
998
992
992
998
992
992
998
986
998
998
986
1011
1011
986
998
998
1011
992
992
992
998
979
986
998
998
992
992
998
1011
998
998
992
998
992
979
992
998
998
986
998
998
998
992
1011
1005
992
998
998
1005
998
998
998
998
998
998
998
998
998
992
986
992
998
1011
986
998
986
986
986
998
986
992
992
992
998
992
998
998
992
998
1017
1005
992
986
998
1011
986
986
986
998
998
986
998
1005
1005
998
986
1011
998
1011
998
1005
1005
998
986
998
998
966
986
979
986
979
992
992
992
998
1011
1005
998
992
1005
1011
1005
998
1005
1005
998
998
1005
1005
992
998
1005
1011
998
998
998
998
998
986
1011
992
1005
979
1005
998
998
998
992
986
1005
979
1005
986
1011
979
1005
1011
998
1011
1005

